SOLGBP 0.01000000 10.00000000 0.01000000
CAKEUSDT 0.01000000 10.00000000 0.00100000
DOTGBP 0.01000000 10.00000000 0.00100000
SHIBGBP 1.00 10.00000000 0.00000001
CAKEGBP 0.01000000 10.00000000 0.00100000
LTCGBP 0.00100000 10.00000000 0.01000000
GBPUSDT 0.10000000 10.00000000 0.00100000
DOGEUSDT 1.00000000 10.00000000 0.00001000
ETHGBP 0.00010000 10.00000000 0.01000000
VETGBP 0.01000000 10.00000000 0.00001000
GMTGBP 0.10000000 10.00000000 0.00010000
LINKGBP 0.01000000 10.00000000 0.00100000
BNBGBP 0.00100000 10.00000000 0.10000000
MATICUSDT 0.10000000 10.00000000 0.00010000
ENJGBP 0.10000000 10.00000000 0.00010000
BUSDUSDT 1.00000000 10.00000000 0.00010000
SHIBUSDT 1.00 10.00000000 0.00000001
BNBUSDT 0.00100000 10.00000000 0.10000000
GBPBUSD 0.10000000 10.00000000 0.00100000
MATICGBP 0.10000000 10.00000000 0.00010000
CHZUSDT 1.00000000 10.00000000 0.00010000
XRPUSDT 1.00000000 10.00000000 0.00010000
AVAXUSDT 0.01000000 10.00000000 0.01000000
RUNEGBP 0.10000000 10.00000000 0.00100000
ADAGBP 0.10000000 10.00000000 0.00010000
ADAUSDT 0.10000000 10.00000000 0.00010000
ENJUSDT 0.10000000 10.00000000 0.00010000
VETUSDT 0.10000000 10.00000000 0.00001000
CHZGBP 1.00000000 10.00000000 0.00010000
APEGBP 0.01000000 10.00000000 0.00100000
BTCUSDT 0.00001000 10.00000000 0.01000000
RUNEUSDT 0.10000000 10.00000000 0.00100000
SOLUSDT 0.01000000 10.00000000 0.01000000
ETHUSDT 0.00010000 10.00000000 0.01000000
AVAXGBP 0.01000000 10.00000000 0.01000000
GMTUSDT 0.10000000 10.00000000 0.00010000
LTCUSDT 0.00100000 10.00000000 0.01000000
DOGEGBP 1.00000000 10.00000000 0.00001000
BTCGBP 0.00001000 10.00000000 0.01000000
XRPGBP 1.00000000 10.00000000 0.00010000
DOTUSDT 0.01000000 10.00000000 0.00100000
LINKUSDT 0.01000000 10.00000000 0.00100000
APEUSDT 0.01000000 10.00000000 0.00100000
