OOKIBUSD 1.00000000 10.00000000 0.00001000
OGBTC 0.10000000 0.00010000 0.00000010
ARBTUSD 0.10000000 10.00000000 0.00010000
AXSUSDT 0.01000000 5.00000000 0.01000000
DASHBTC 0.00100000 0.00010000 0.00000100
IDEXUSDT 0.10000000 10.00000000 0.00001000
OPTUSD 0.01000000 5.00000000 0.00100000
STRAXUSDT 0.10000000 10.00000000 0.00100000
AUDIOBUSD 0.10000000 10.00000000 0.00010000
FISBTC 1.00000000 0.00010000 0.00000001
PERPBTC 0.01000000 0.00010000 0.00000001
ETCBTC 0.01000000 0.00010000 0.00000100
KLAYBUSD 0.10000000 10.00000000 0.00010000
ETHBUSD 0.00010000 10.00000000 0.01000000
XRPAUD 1.00000000 5.00000000 0.00010000
MINAUSDT 0.10000000 10.00000000 0.00100000
LRCTRY 0.10000000 10.00000000 0.01000000
VOXELBUSD 0.10000000 10.00000000 0.00010000
GALBUSD 0.00100000 10.00000000 0.00100000
QUICKUSDT 0.00100000 10.00000000 0.10000000
FETUSDT 1.00000000 10.00000000 0.00010000
IOTABTC 1.00000000 0.00010000 0.00000001
AGLDBTC 0.10000000 0.00010000 0.00000001
BCHUSDT 0.00100000 10.00000000 0.10000000
BAKEBUSD 0.10000000 10.00000000 0.00010000
JOEBUSD 0.01000000 10.00000000 0.00010000
VOXELUSDT 0.10000000 10.00000000 0.00010000
RUNEBUSD 0.10000000 10.00000000 0.00100000
KAVABUSD 0.10000000 10.00000000 0.00100000
XMRBNB 0.00100000 0.05000000 0.00010000
VETBUSD 0.10000000 10.00000000 0.00001000
XNOUSDT 0.01000000 10.00000000 0.00100000
THETAUSDT 0.10000000 10.00000000 0.00100000
NEARRUB 0.00100000 100.00000000 0.10000000
FETBTC 1.00000000 0.00010000 0.00000001
SANTOSBTC 0.01000000 0.00010000 0.00000001
BCHBUSD 0.00100000 10.00000000 0.10000000
BADGERBUSD 0.01000000 10.00000000 0.00100000
LAZIOBTC 0.01000000 0.00010000 0.00000001
PHABTC 1.00000000 0.00010000 0.00000001
XECBUSD 1.00 10.00000000 0.00000001
IDEUR 1.00000000 10.00000000 0.00001000
WAVESEUR 0.01000000 10.00000000 0.00100000
ALCXBTC 0.00010000 0.00010000 0.00000100
FLMUSDT 1.00000000 10.00000000 0.00010000
EOSUSDT 0.10000000 10.00000000 0.00100000
STPTBUSD 0.10000000 10.00000000 0.00001000
BALBTC 0.01000000 0.00010000 0.00000010
JOETRY 0.10000000 10.00000000 0.01000000
STMXBUSD 1.00000000 10.00000000 0.00000100
TKOBIDR 0.10000000 20000.00 0.01
WAXPBTC 1.00000000 0.00010000 0.00000001
OAXUSDT 1.00000000 10.00000000 0.00010000
NKNUSDT 1.00000000 10.00000000 0.00010000
SANDBRL 0.01000000 10.00000000 0.00100000
EGLDBUSD 0.01000000 10.00000000 0.01000000
MAGICUSDT 0.10000000 10.00000000 0.00010000
SHIBBUSD 1.00 5.00000000 0.00000001
CHZUSDT 1.00000000 5.00000000 0.00010000
DOTBRL 0.01000000 10.00000000 0.01000000
ANKRBNB 1.00000000 0.05000000 0.00000010
LINKAUD 0.01000000 5.00000000 0.00100000
USDCUSDT 1.00000000 10.00000000 0.00010000
MBLBUSD 1.00000000 10.00000000 0.00000100
MBOXBUSD 0.10000000 10.00000000 0.00100000
DARBNB 1.00000000 0.05000000 0.00000001
PAXGBUSD 0.00010000 10.00000000 1.00000000
ROSETRY 0.10000000 10.00000000 0.00100000
MTLETH 0.10000000 0.00500000 0.00000010
AVAXAUD 0.01000000 5.00000000 0.01000000
BLZBUSD 1.00000000 10.00000000 0.00010000
ORNBTC 0.10000000 0.00010000 0.00000001
FORTHBUSD 0.01000000 10.00000000 0.00100000
XVSBNB 0.01000000 0.05000000 0.00001000
VOXELBTC 0.10000000 0.00010000 0.00000001
DOGEEUR 1.00000000 5.00000000 0.00001000
HOOKUSDT 0.10000000 10.00000000 0.00010000
PROSBUSD 1.00000000 10.00000000 0.00010000
BETHETH 0.00010000 0.00500000 0.00010000
C98BUSD 0.10000000 10.00000000 0.00010000
FILBTC 0.01000000 0.00010000 0.00000010
ETHTUSD 0.00010000 10.00000000 0.01000000
SNXBUSD 0.10000000 10.00000000 0.00100000
ACMUSDT 0.10000000 10.00000000 0.00100000
XLMTRY 1.00000000 10.00000000 0.00100000
SFPUSDT 1.00000000 10.00000000 0.00010000
BNBGBP 0.00100000 5.00000000 0.10000000
BANDBTC 0.10000000 0.00010000 0.00000010
ENSBNB 0.01000000 0.05000000 0.00001000
RNDRBUSD 0.01000000 10.00000000 0.00100000
ADAUSDT 0.10000000 5.00000000 0.00010000
GNSBTC 0.01000000 0.00010000 0.00000010
ACMBUSD 0.10000000 10.00000000 0.00100000
HBARUSDT 1.00000000 10.00000000 0.00010000
WOOBTC 0.10000000 0.00010000 0.00000001
SANTOSBUSD 0.01000000 10.00000000 0.00100000
REIUSDT 0.10000000 10.00000000 0.00001000
EOSBTC 0.10000000 0.00010000 0.00000010
VETETH 1.00000000 0.00500000 0.00000001
LAZIOBUSD 0.01000000 10.00000000 0.00010000
CELRBTC 1.00000000 0.00010000 0.00000001
ANKRBUSD 0.10000000 10.00000000 0.00001000
LRCBNB 0.01000000 0.05000000 0.00000100
DARBTC 1.00000000 0.00010000 0.00000001
QUICKBTC 0.00100000 0.00010000 0.00000100
ONEBUSD 0.10000000 10.00000000 0.00001000
DOTBNB 0.01000000 0.05000000 0.00001000
REEFTRY 1.00000000 10.00000000 0.00010000
STORJUSDT 1.00000000 10.00000000 0.00010000
ETCBNB 0.01000000 0.05000000 0.00010000
SUSHIBUSD 0.10000000 10.00000000 0.00100000
BELBUSD 0.10000000 10.00000000 0.00010000
BNBUSDT 0.00100000 5.00000000 0.10000000
MAGICBUSD 0.10000000 10.00000000 0.00010000
CAKEBTC 0.01000000 0.00010000 0.00000010
QNTBTC 0.00100000 0.00010000 0.00000100
POLSUSDT 0.10000000 10.00000000 0.00100000
ZILBUSD 0.10000000 10.00000000 0.00001000
CVPUSDT 0.10000000 10.00000000 0.00010000
WRXBNB 0.10000000 0.05000000 0.00000100
TBUSD 0.10000000 10.00000000 0.00001000
SANDUSDT 1.00000000 5.00000000 0.00010000
COTIBUSD 1.00000000 10.00000000 0.00010000
GALEUR 0.00100000 10.00000000 0.00100000
OGNBUSD 0.10000000 10.00000000 0.00010000
RADBNB 0.10000000 0.05000000 0.00001000
RNDRUSDT 0.01000000 10.00000000 0.00100000
LUNCUSDT 0.01000000 5.00000000 0.00000001
FXSUSDT 0.10000000 10.00000000 0.00100000
RENBUSD 1.00000000 10.00000000 0.00000100
PLABUSD 0.01000000 10.00000000 0.00010000
SCRTUSDT 0.10000000 10.00000000 0.00100000
GALETH 0.01000000 0.00500000 0.00000100
XVGUSDT 1.00000000 10.00000000 0.00000100
XVSBUSD 0.01000000 10.00000000 0.01000000
STORJTRY 0.10000000 10.00000000 0.01000000
MTLUSDT 0.10000000 10.00000000 0.00100000
FTMBNB 1.00000000 0.05000000 0.00000010
AGIXUSDT 1.00000000 10.00000000 0.00001000
THETABUSD 0.10000000 10.00000000 0.00100000
PROSETH 1.00000000 0.00500000 0.00000010
ZILTRY 0.10000000 10.00000000 0.00100000
APEBTC 0.01000000 0.00010000 0.00000001
ICXUSDT 0.10000000 10.00000000 0.00010000
STPTUSDT 0.10000000 10.00000000 0.00001000
BNXBTC 0.10000000 0.00010000 0.00000001
ARBEUR 0.10000000 10.00000000 0.00010000
DOGEBRL 1.00000000 10.00000000 0.00010000
TRUBTC 1.00000000 0.00010000 0.00000001
LUNATRY 0.10000000 10.00000000 0.01000000
BETAETH 0.10000000 0.00500000 0.00000010
OPBNB 0.10000000 0.05000000 0.00000100
RAREUSDT 0.10000000 10.00000000 0.00010000
VITEBTC 1.00000000 0.00010000 0.00000001
MDXUSDT 0.10000000 10.00000000 0.00010000
CLVUSDT 0.10000000 10.00000000 0.00001000
EGLDBNB 0.01000000 0.05000000 0.00010000
PAXGBNB 0.00010000 0.05000000 0.00100000
ETHEUR 0.00010000 10.00000000 0.01000000
PYRBUSD 0.00100000 10.00000000 0.01000000
WAVESBUSD 0.01000000 10.00000000 0.00100000
POWRETH 1.00000000 0.00500000 0.00000010
FARMBUSD 0.00100000 10.00000000 0.10000000
AAVEUSDT 0.00100000 5.00000000 0.10000000
STRAXBTC 0.10000000 0.00010000 0.00000001
WINBNB 1.00000000 0.05000000 0.00000001
FRONTUSDT 1.00000000 10.00000000 0.00010000
AGIXTRY 1.00000000 10.00000000 0.00100000
DOTETH 0.01000000 0.00500000 0.00000100
BETHBUSD 0.00010000 10.00000000 0.01000000
DATABUSD 0.10000000 10.00000000 0.00001000
BTCTRY 0.00001000 10.00000000 1.00000000
HBARBTC 1.00000000 0.00010000 0.00000001
USDTRUB 1.00000000 100.00000000 0.01000000
UNIUSDT 0.01000000 5.00000000 0.00100000
DOTTRY 0.01000000 10.00000000 0.10000000
HOTETH 1.00000000 0.00500000 0.00000001
CKBBUSD 1.00000000 10.00000000 0.00001000
CAKEBNB 0.01000000 0.05000000 0.00001000
MASKUSDT 0.10000000 10.00000000 0.00100000
ATAUSDT 1.00000000 10.00000000 0.00010000
VIBBUSD 1.00000000 10.00000000 0.00001000
LOKABTC 0.10000000 0.00010000 0.00000001
IOTABNB 1.00000000 0.05000000 0.00000100
THETABNB 0.10000000 0.05000000 0.00000100
BURGERBUSD 0.10000000 10.00000000 0.00010000
XTZETH 0.01000000 0.00500000 0.00000100
FETBNB 1.00000000 0.05000000 0.00000100
FETTRY 1.00000000 10.00000000 0.00100000
ICPBTC 0.01000000 0.00010000 0.00000010
PERPBUSD 0.01000000 10.00000000 0.00001000
ADXBTC 1.00000000 0.00010000 0.00000001
SOLAUD 0.00100000 5.00000000 0.01000000
XRPEUR 1.00000000 5.00000000 0.00010000
QUICKBUSD 0.00100000 10.00000000 0.10000000
FLOWUSDT 0.01000000 10.00000000 0.00100000
OPUSDT 0.01000000 5.00000000 0.00100000
XLMBTC 1.00000000 0.00010000 0.00000001
LQTYBTC 0.10000000 0.00010000 0.00000001
GLMUSDT 0.10000000 10.00000000 0.00010000
XTZBUSD 0.10000000 10.00000000 0.00100000
PONDBUSD 0.01000000 10.00000000 0.00001000
CHRETH 0.10000000 0.00500000 0.00000010
PEOPLEUSDT 0.10000000 10.00000000 0.00001000
MDXBTC 0.10000000 0.00010000 0.00000001
OOKIUSDT 1.00000000 10.00000000 0.00001000
KMDUSDT 1.00000000 10.00000000 0.00010000
MBOXBTC 0.10000000 0.00010000 0.00000001
RPLUSDT 0.01000000 10.00000000 0.01000000
APEETH 0.00100000 0.00500000 0.00000100
GMXBTC 0.00100000 0.00010000 0.00000100
SHIBDOGE 1.00 30.00000000 0.00000010
SOLUSDT 0.01000000 5.00000000 0.01000000
MOVRUSDT 0.00100000 10.00000000 0.01000000
SHIBAUD 1.00 5.00000000 0.00000001
MCUSDT 0.01000000 10.00000000 0.00010000
JASMYUSDT 0.10000000 10.00000000 0.00000100
LITETH 0.10000000 0.00500000 0.00000010
ENJETH 0.10000000 0.00500000 0.00000010
GALAETH 1.00000000 0.00500000 0.00000001
HOTUSDT 1.00000000 10.00000000 0.00000100
HFTUSDT 0.10000000 10.00000000 0.00010000
YFIBUSD 0.00001000 10.00000000 1.00000000
MCBNB 0.01000000 0.05000000 0.00000100
MATICAUD 0.10000000 5.00000000 0.00010000
COCOSTRY 0.01000000 10.00000000 0.01000000
IDTRY 1.00000000 10.00000000 0.00100000
MATICTRY 0.10000000 10.00000000 0.00100000
XRPBIDR 0.10000000 20000.00 1.00
AUDIOTRY 0.01000000 10.00000000 0.00100000
UNIEUR 0.01000000 5.00000000 0.00100000
ATMBUSD 0.01000000 10.00000000 0.00100000
BTTCUSDT 1.0 10.00000000 0.00000001
MKRBUSD 0.00010000 10.00000000 1.00000000
AVAXBRL 0.01000000 10.00000000 0.10000000
AAVEBNB 0.00100000 0.05000000 0.00010000
SSVBTC 0.01000000 0.00010000 0.00000010
LINKGBP 0.01000000 5.00000000 0.00100000
XLMBNB 1.00000000 0.05000000 0.00000010
NEOETH 0.01000000 0.00500000 0.00001000
XVGETH 1.00000000 0.00500000 0.00000001
OAXBTC 1.00000000 0.00010000 0.00000001
WINTRX 0.10000000 100.00000000 0.00000100
HOOKBNB 0.10000000 0.05000000 0.00000010
CAKEUSDT 0.01000000 10.00000000 0.00100000
SANDBTC 1.00000000 0.00010000 0.00000001
XNOBUSD 0.01000000 10.00000000 0.00100000
BTCRON 0.00001000 40.00000000 1.00000000
ROSEUSDT 0.10000000 10.00000000 0.00001000
HOTBUSD 0.10000000 10.00000000 0.00000100
ATOMBTC 0.01000000 0.00010000 0.00000010
WOOUSDT 0.10000000 10.00000000 0.00010000
CELRUSDT 0.10000000 10.00000000 0.00001000
PAXGUSDT 0.00010000 10.00000000 1.00000000
DAREUR 1.00000000 10.00000000 0.00001000
BADGERUSDT 0.01000000 10.00000000 0.00100000
DYDXBNB 0.01000000 0.05000000 0.00000100
ELFBUSD 0.10000000 10.00000000 0.00010000
PAXGBTC 0.00010000 0.00010000 0.00001000
ARBUSD 0.01000000 10.00000000 0.01000000
AGLDBUSD 0.10000000 10.00000000 0.00100000
ETHRUB 0.00010000 100.00000000 0.10000000
RNDRBTC 0.01000000 0.00010000 0.00000010
DASHBNB 0.00100000 0.05000000 0.00010000
UFTUSDT 1.00000000 10.00000000 0.00010000
EURUSDT 0.10000000 10.00000000 0.00010000
IOTXBUSD 1.00000000 10.00000000 0.00001000
ICXBTC 1.00000000 0.00010000 0.00000001
CHESSUSDT 0.10000000 10.00000000 0.00010000
XRPETH 1.00000000 0.00500000 0.00000010
POLSBUSD 0.10000000 10.00000000 0.00100000
ENJBTC 0.10000000 0.00010000 0.00000001
ALCXUSDT 0.00010000 10.00000000 0.01000000
BTCAUD 0.00001000 10.00000000 0.01000000
DEXEUSDT 0.01000000 10.00000000 0.00100000
GMXUSDT 0.00100000 10.00000000 0.01000000
ONEBNB 1.00000000 0.05000000 0.00000010
CHZBUSD 1.00000000 5.00000000 0.00010000
COSTRY 1.00000000 10.00000000 0.00010000
ALICEBUSD 0.01000000 10.00000000 0.00100000
HFTBUSD 0.10000000 10.00000000 0.00010000
IDBNB 1.00000000 0.05000000 0.00000010
GALUSDT 0.00100000 10.00000000 0.00100000
DOGEBTC 1.00000000 0.00010000 0.00000001
DENTBUSD 1.00000000 10.00000000 0.00000100
ONTBTC 1.00000000 0.00010000 0.00000001
NEOTRY 0.01000000 10.00000000 0.10000000
CTXCUSDT 1.00000000 10.00000000 0.00010000
SHIBTRY 1.00 10.00000000 0.00000001
FIOBUSD 1.00000000 10.00000000 0.00001000
SOLRUB 0.01000000 100.00000000 1.00000000
ANTBNB 0.10000000 0.05000000 0.00001000
MDTBTC 1.00000000 0.00010000 0.00000001
PUNDIXBUSD 0.10000000 10.00000000 0.00100000
DGBUSDT 0.10000000 10.00000000 0.00001000
GLMRUSDT 0.10000000 10.00000000 0.00010000
GASUSDT 0.10000000 10.00000000 0.00100000
STXBTC 0.10000000 0.00010000 0.00000001
AGIXBUSD 1.00000000 10.00000000 0.00001000
IOSTUSDT 1.00000000 10.00000000 0.00001000
BUSDUAH 1.00000000 100.00000000 0.01000000
XVGBUSD 0.10000000 10.00000000 0.00000100
BUSDUSDT 1.00000000 10.00000000 0.00010000
OSMOUSDT 0.01000000 10.00000000 0.00100000
JSTUSDT 0.10000000 10.00000000 0.00001000
IOTABUSD 1.00000000 10.00000000 0.00010000
FIROBTC 0.10000000 0.00010000 0.00000010
LTOUSDT 1.00000000 10.00000000 0.00010000
CLVBTC 0.10000000 0.00010000 0.00000001
BATBUSD 1.00000000 10.00000000 0.00010000
GNSUSDT 0.01000000 10.00000000 0.00100000
TRXBNB 1.00000000 0.05000000 0.00000010
ATOMBUSD 0.01000000 5.00000000 0.00100000
GALATRY 0.10000000 10.00000000 0.00010000
FLUXUSDT 0.01000000 10.00000000 0.00100000
BTCUSDT 0.00001000 10.00000000 0.01000000
XMRBTC 0.00100000 0.00010000 0.00000100
MULTIUSDT 0.00100000 10.00000000 0.01000000
PORTOEUR 0.01000000 10.00000000 0.00010000
DREPBUSD 1.00000000 10.00000000 0.00010000
MLNBTC 0.00100000 0.00010000 0.00000100
POLYXBUSD 0.10000000 10.00000000 0.00010000
APTTRY 0.01000000 10.00000000 0.10000000
DIABTC 0.10000000 0.00010000 0.00000001
CVXBTC 0.00100000 0.00010000 0.00000010
SXPBTC 0.10000000 0.00010000 0.00000001
RUNEGBP 0.10000000 10.00000000 0.00100000
HARDBNB 1.00000000 0.05000000 0.00000100
ZILUSDT 0.10000000 10.00000000 0.00001000
APTUSDT 0.01000000 10.00000000 0.00010000
KDABTC 0.01000000 0.00010000 0.00000001
BONDBTC 0.01000000 0.00010000 0.00000010
OMGUSDT 0.10000000 10.00000000 0.00100000
XTZTRY 0.01000000 10.00000000 0.01000000
WINGBTC 0.01000000 0.00010000 0.00000010
HIGHUSDT 0.00100000 10.00000000 0.00100000
JASMYEUR 0.10000000 10.00000000 0.00000100
FIDAUSDT 0.10000000 10.00000000 0.00010000
EGLDETH 0.00010000 0.00500000 0.00001000
ADABIDR 0.10000000 20000.00 1.00
ETHTRY 0.00010000 10.00000000 1.00000000
CVXUSDT 0.00100000 10.00000000 0.00100000
CHZEUR 1.00000000 5.00000000 0.00010000
GTCBTC 0.10000000 0.00010000 0.00000010
PORTOBUSD 0.01000000 10.00000000 0.00010000
PEOPLEBNB 1.00000000 0.05000000 0.00000001
GALABRL 0.10000000 10.00000000 0.00010000
1INCHUSDT 0.10000000 10.00000000 0.00100000
PEOPLEBUSD 0.10000000 10.00000000 0.00001000
STXUSDT 0.10000000 10.00000000 0.00010000
ATABTC 1.00000000 0.00010000 0.00000001
EPXBUSD 1.00000000 10.00000000 0.00000010
COCOSUSDT 1.00000000 10.00000000 0.00010000
SLPTRY 1.00000000 10.00000000 0.00001000
ETHGBP 0.00010000 10.00000000 0.01000000
MTLBTC 0.10000000 0.00010000 0.00000001
WTCBTC 1.00000000 0.00010000 0.00000001
RUNEBTC 0.10000000 0.00010000 0.00000010
OXTBUSD 1.00000000 10.00000000 0.00010000
VETUSDT 0.10000000 10.00000000 0.00001000
TOMOBTC 0.10000000 0.00010000 0.00000001
CHZGBP 1.00000000 5.00000000 0.00010000
ADAETH 0.10000000 0.00500000 0.00000010
RLCUSDT 0.10000000 10.00000000 0.00100000
DASHUSDT 0.00100000 10.00000000 0.01000000
ZILETH 1.00000000 0.00500000 0.00000001
JASMYBTC 0.10000000 0.00010000 0.00000001
LTCGBP 0.00100000 5.00000000 0.01000000
TRXBTC 1.00000000 0.00010000 0.00000001
FRONTBTC 1.00000000 0.00010000 0.00000001
PORTOTRY 0.01000000 10.00000000 0.01000000
AKROBUSD 1.00000000 10.00000000 0.00001000
FXSBUSD 0.10000000 10.00000000 0.00100000
XECUSDT 1.00 10.00000000 0.00000001
GMTBNB 0.10000000 0.05000000 0.00000100
NEAREUR 0.10000000 5.00000000 0.00100000
LRCBTC 1.00000000 0.00010000 0.00000001
JOEUSDT 0.01000000 10.00000000 0.00010000
AXSAUD 0.01000000 5.00000000 0.01000000
BTCRUB 0.00001000 100.00000000 1.00000000
PSGUSDT 0.01000000 10.00000000 0.01000000
XRPGBP 1.00000000 5.00000000 0.00010000
WOOBUSD 0.10000000 10.00000000 0.00010000
DCRUSDT 0.00100000 10.00000000 0.01000000
BELBTC 0.10000000 0.00010000 0.00000001
TWTUSDT 1.00000000 5.00000000 0.00010000
APEBUSD 0.01000000 5.00000000 0.00100000
ERNUSDT 0.10000000 10.00000000 0.00100000
NULSUSDT 1.00000000 10.00000000 0.00010000
ATOMETH 0.00100000 0.00500000 0.00000100
FISUSDT 1.00000000 10.00000000 0.00010000
ZILBIDR 1.00000000 20000.00 1.00
VIBUSDT 1.00000000 10.00000000 0.00001000
RAREBTC 0.10000000 0.00010000 0.00000001
IDEXBNB 0.10000000 0.05000000 0.00000010
SYNBTC 0.10000000 0.00010000 0.00000001
USDTBRL 0.10000000 10.00000000 0.00100000
SFPBTC 1.00000000 0.00010000 0.00000001
THETAETH 0.10000000 0.00500000 0.00000010
ATOMBNB 0.01000000 0.05000000 0.00001000
HOTTRY 1.00000000 10.00000000 0.00001000
RAYBNB 0.10000000 0.05000000 0.00000100
THETAEUR 0.10000000 10.00000000 0.00100000
FUNETH 1.00000000 0.00500000 0.00000001
UNIBTC 0.01000000 0.00010000 0.00000010
ALPACABTC 0.10000000 0.00010000 0.00000001
UNIBUSD 0.01000000 5.00000000 0.00100000
RSRUSDT 0.10000000 10.00000000 0.00000100
GMTETH 0.10000000 0.00500000 0.00000010
YGGBNB 0.10000000 0.05000000 0.00000100
JASMYTRY 1.00000000 10.00000000 0.00000100
ROSEETH 0.10000000 0.00500000 0.00000001
IDEXBTC 1.00000000 0.00010000 0.00000001
USDTTRY 1.00000000 10.00000000 0.01000000
CHZTRY 1.00000000 10.00000000 0.00100000
WANETH 1.00000000 0.00500000 0.00000010
GMTEUR 0.10000000 5.00000000 0.00010000
REIBNB 0.10000000 0.05000000 0.00000010
MDTBUSD 0.10000000 10.00000000 0.00001000
VIDTUSDT 1.00000000 10.00000000 0.00001000
DENTUSDT 1.00000000 10.00000000 0.00000100
REQBTC 1.00000000 0.00010000 0.00000001
CELOBUSD 0.10000000 10.00000000 0.00100000
SKLBTC 1.00000000 0.00010000 0.00000001
PROMBTC 0.01000000 0.00010000 0.00000010
ACHBUSD 1.00000000 10.00000000 0.00001000
BNBAUD 0.00100000 5.00000000 0.10000000
OPEUR 0.01000000 5.00000000 0.00100000
ARPAETH 1.00000000 0.00500000 0.00000001
RDNTUSDT 1.00000000 10.00000000 0.00010000
ETCETH 0.01000000 0.00500000 0.00001000
SOLBNB 0.01000000 0.05000000 0.00010000
LOKAUSDT 0.10000000 10.00000000 0.00010000
SFPBUSD 1.00000000 10.00000000 0.00010000
CRVETH 0.01000000 0.00500000 0.00000100
MCBUSD 0.01000000 10.00000000 0.00010000
ADATRY 0.10000000 10.00000000 0.01000000
ALPINEBUSD 0.01000000 10.00000000 0.00010000
DYDXUSDT 0.01000000 10.00000000 0.00100000
KLAYUSDT 0.10000000 10.00000000 0.00010000
ASRBUSD 0.10000000 10.00000000 0.00100000
LTCBRL 0.00100000 10.00000000 0.10000000
BAKEBTC 0.10000000 0.00010000 0.00000001
RADBTC 0.10000000 0.00010000 0.00000010
CHESSBTC 0.10000000 0.00010000 0.00000001
ROSEBUSD 0.10000000 10.00000000 0.00001000
MATICBRL 0.10000000 10.00000000 0.00100000
TFUELBTC 1.00000000 0.00010000 0.00000001
FRONTBUSD 1.00000000 10.00000000 0.00010000
LTCUSDT 0.00100000 5.00000000 0.01000000
SANDBUSD 1.00000000 5.00000000 0.00010000
QTUMUSDT 0.10000000 10.00000000 0.00100000
POWRUSDT 1.00000000 10.00000000 0.00010000
ETHBRL 0.00010000 10.00000000 0.01000000
COTIBNB 1.00000000 0.05000000 0.00000010
UNFIBTC 0.10000000 0.00010000 0.00000010
STGBUSD 0.10000000 10.00000000 0.00010000
LRCETH 1.00000000 0.00500000 0.00000001
MULTIBTC 0.00100000 0.00010000 0.00000010
LEVERBUSD 1.00000000 10.00000000 0.00000100
XLMETH 1.00000000 0.00500000 0.00000010
TRXBUSD 0.10000000 5.00000000 0.00001000
SCRTBTC 0.10000000 0.00010000 0.00000001
TRUUSDT 1.00000000 10.00000000 0.00010000
KSMBUSD 0.00100000 10.00000000 0.01000000
OSMOBTC 0.01000000 0.00010000 0.00000001
COTIUSDT 1.00000000 10.00000000 0.00010000
GHSTUSDT 0.10000000 10.00000000 0.00100000
OMBUSD 1.00000000 10.00000000 0.00001000
KP3RBNB 0.01000000 0.05000000 0.00010000
BTCBUSD 0.00001000 10.00000000 0.01000000
GTCBUSD 0.10000000 10.00000000 0.00100000
GBPBUSD 0.10000000 10.00000000 0.00100000
TWTBUSD 1.00000000 5.00000000 0.00010000
AXSTRY 0.00100000 10.00000000 0.10000000
FETBUSD 1.00000000 10.00000000 0.00010000
NEXOUSDT 0.01000000 10.00000000 0.00100000
CTXCBTC 1.00000000 0.00010000 0.00000001
MATICRUB 0.10000000 100.00000000 0.01000000
IMXBUSD 0.01000000 10.00000000 0.00100000
OCEANBTC 1.00000000 0.00010000 0.00000001
GLMRBNB 0.01000000 0.05000000 0.00000100
SOLBIDR 0.00010000 20000.00 1.00
ETHPLN 0.00010000 50.00000000 1.00000000
RDNTBTC 1.00000000 0.00010000 0.00000001
BLZBTC 1.00000000 0.00010000 0.00000001
OPBUSD 0.01000000 5.00000000 0.00100000
SSVTUSD 0.00100000 10.00000000 0.01000000
AUDIOBTC 0.10000000 0.00010000 0.00000001
KAVABTC 0.10000000 0.00010000 0.00000001
KLAYBTC 0.10000000 0.00010000 0.00000001
RVNBTC 1.00000000 0.00010000 0.00000001
WAVESTRY 0.00100000 10.00000000 0.10000000
ICPEUR 0.01000000 10.00000000 0.00100000
WAVESUSDT 0.01000000 10.00000000 0.00100000
NEARBTC 0.10000000 0.00010000 0.00000001
FORBTC 1.00000000 0.00010000 0.00000001
UMABTC 0.10000000 0.00010000 0.00000010
DOCKBTC 1.00000000 0.00010000 0.00000001
ALPHAUSDT 1.00000000 10.00000000 0.00010000
RVNTRY 0.01000000 10.00000000 0.00010000
KP3RUSDT 0.01000000 10.00000000 0.01000000
APTBUSD 0.01000000 10.00000000 0.00010000
CTSIUSDT 1.00000000 10.00000000 0.00010000
GRTUSDT 1.00000000 10.00000000 0.00010000
AVAXBUSD 0.01000000 5.00000000 0.01000000
XLMUSDT 1.00000000 10.00000000 0.00010000
CHZBRL 1.00000000 10.00000000 0.00100000
ETCBUSD 0.01000000 5.00000000 0.01000000
XRPRUB 1.00000000 100.00000000 0.01000000
YFIEUR 0.00001000 10.00000000 1.00000000
SSVBUSD 0.00100000 10.00000000 0.01000000
CHRUSDT 1.00000000 10.00000000 0.00010000
RADUSDT 0.10000000 10.00000000 0.00100000
DEGOBUSD 0.01000000 10.00000000 0.00100000
BNBBIDR 0.00100000 20000.00 1.00
BURGERBNB 0.10000000 0.05000000 0.00000100
GRTBUSD 1.00000000 10.00000000 0.00010000
KMDBTC 1.00000000 0.00010000 0.00000001
ILVUSDT 0.00100000 10.00000000 0.01000000
TKOUSDT 0.10000000 10.00000000 0.00010000
RSRBUSD 0.10000000 10.00000000 0.00000100
IOTAUSDT 1.00000000 10.00000000 0.00010000
UFTETH 1.00000000 0.00500000 0.00000010
VETGBP 0.01000000 10.00000000 0.00001000
MINABUSD 0.10000000 10.00000000 0.00100000
HBARBNB 1.00000000 0.05000000 0.00000010
ZRXETH 1.00000000 0.00500000 0.00000010
NEARETH 0.00100000 0.00500000 0.00000100
POWRBTC 1.00000000 0.00010000 0.00000001
BNBEUR 0.00100000 5.00000000 0.10000000
SOLBRL 0.01000000 10.00000000 0.10000000
BSWTRY 0.01000000 10.00000000 0.01000000
USTCUSDT 1.00000000 10.00000000 0.00000001
API3BUSD 0.01000000 10.00000000 0.00100000
LTOBUSD 1.00000000 10.00000000 0.00010000
PORTOBTC 0.01000000 0.00010000 0.00000001
AGLDUSDT 0.10000000 10.00000000 0.00100000
SOLTRY 0.01000000 10.00000000 0.10000000
BONDUSDT 0.01000000 10.00000000 0.00100000
AMBBUSD 1.00000000 10.00000000 0.00001000
BELBNB 0.10000000 0.05000000 0.00000100
MAGICTRY 0.10000000 10.00000000 0.01000000
ZENETH 0.01000000 0.00500000 0.00001000
LINAUSDT 0.01000000 10.00000000 0.00000100
IMXUSDT 0.01000000 10.00000000 0.00100000
ALGOBNB 1.00000000 0.05000000 0.00000100
NEXOBUSD 0.01000000 10.00000000 0.00100000
ASTRUSDT 0.10000000 10.00000000 0.00010000
LTCUAH 0.00100000 100.00000000 1.00000000
LRCUSDT 1.00000000 10.00000000 0.00010000
RPLBUSD 0.01000000 10.00000000 0.01000000
BANDUSDT 0.10000000 10.00000000 0.00100000
ZECUSDT 0.00100000 10.00000000 0.10000000
HIVEBTC 1.00000000 0.00010000 0.00000001
CELRBUSD 1.00000000 10.00000000 0.00001000
PLABTC 0.01000000 0.00010000 0.00000001
CHZBNB 1.00000000 0.05000000 0.00000010
LPTUSDT 0.01000000 10.00000000 0.01000000
UFTBUSD 1.00000000 10.00000000 0.00010000
XLMEUR 1.00000000 10.00000000 0.00010000
SUNUSDT 1.00000000 10.00000000 0.00001000
IOTXUSDT 1.00000000 10.00000000 0.00001000
QTUMETH 0.10000000 0.00500000 0.00000100
ONTBUSD 1.00000000 10.00000000 0.00010000
STEEMETH 1.00000000 0.00500000 0.00000010
HOOKBTC 0.10000000 0.00010000 0.00000001
TRXTRY 1.00000000 10.00000000 0.00010000
MOBUSDT 0.01000000 10.00000000 0.00100000
SANDTRY 0.10000000 10.00000000 0.01000000
OXTBTC 1.00000000 0.00010000 0.00000001
BETAUSDT 1.00000000 10.00000000 0.00001000
KDABUSD 0.01000000 10.00000000 0.00100000
DODOBTC 0.10000000 0.00010000 0.00000001
JUVUSDT 0.01000000 10.00000000 0.00100000
MATICEUR 0.10000000 5.00000000 0.00010000
REEFUSDT 1.00000000 10.00000000 0.00000100
KAVABNB 0.10000000 0.05000000 0.00000100
DUSKUSDT 1.00000000 10.00000000 0.00010000
OMUSDT 1.00000000 10.00000000 0.00001000
ENJBRL 0.10000000 10.00000000 0.00100000
FXSBTC 0.10000000 0.00010000 0.00000001
ALGOUSDT 1.00000000 5.00000000 0.00010000
LINKBTC 0.01000000 0.00010000 0.00000010
HFTBTC 0.10000000 0.00010000 0.00000001
WINBRL 1.00000000 10.00000000 0.00000100
KSMBTC 0.00100000 0.00010000 0.00000100
BURGERUSDT 0.10000000 10.00000000 0.00010000
SYSBTC 1.00000000 0.00010000 0.00000001
AVABUSD 0.10000000 10.00000000 0.00100000
ILVBNB 0.00100000 0.05000000 0.00010000
MOBBUSD 0.01000000 10.00000000 0.00100000
DENTTRY 1.00000000 10.00000000 0.00001000
ONGUSDT 1.00000000 10.00000000 0.00010000
STMXUSDT 1.00000000 10.00000000 0.00000100
LTCBTC 0.00100000 0.00010000 0.00000100
JASMYBNB 0.10000000 0.05000000 0.00000001
XMRUSDT 0.00100000 5.00000000 0.10000000
ALPINEBTC 0.01000000 0.00010000 0.00000001
ZENUSDT 0.01000000 10.00000000 0.01000000
COMPUSDT 0.00100000 10.00000000 0.01000000
FILETH 0.01000000 0.00500000 0.00000100
WAVESBNB 0.01000000 0.05000000 0.00001000
DYDXBUSD 0.01000000 10.00000000 0.00100000
BTCUSDC 0.00001000 10.00000000 0.01000000
FARMUSDT 0.00100000 10.00000000 0.10000000
SCRTBUSD 0.10000000 10.00000000 0.00100000
FIROUSDT 0.10000000 10.00000000 0.00100000
FTMBRL 0.10000000 10.00000000 0.00100000
SXPBNB 0.10000000 0.05000000 0.00000100
DARTRY 0.01000000 10.00000000 0.00100000
THETABTC 0.10000000 0.00010000 0.00000001
LSKBTC 0.10000000 0.00010000 0.00000001
ARBTRY 0.10000000 10.00000000 0.01000000
POWRBUSD 1.00000000 10.00000000 0.00010000
CFXTRY 1.00000000 10.00000000 0.00100000
MANAUSDT 1.00000000 5.00000000 0.00010000
XRPTRY 1.00000000 10.00000000 0.00100000
ICPBUSD 0.01000000 10.00000000 0.00100000
FILUSDT 0.01000000 5.00000000 0.00100000
CAKEBUSD 0.01000000 10.00000000 0.00100000
EGLDBTC 0.01000000 0.00010000 0.00000100
BAKEUSDT 0.10000000 10.00000000 0.00010000
NEOBTC 0.01000000 0.00010000 0.00000100
ZENBUSD 0.01000000 10.00000000 0.01000000
GMXBUSD 0.00100000 10.00000000 0.01000000
VETEUR 0.01000000 10.00000000 0.00001000
GALBTC 0.00100000 0.00010000 0.00000001
IOTAETH 1.00000000 0.00500000 0.00000010
GALABTC 1.00000000 0.00010000 0.00000001
TVKUSDT 1.00000000 10.00000000 0.00010000
RUNEUSDT 0.10000000 10.00000000 0.00100000
ENJTRY 0.01000000 10.00000000 0.01000000
BNXBUSD 0.10000000 10.00000000 0.00100000
SUPERBUSD 1.00000000 10.00000000 0.00010000
VIDTBTC 1.00000000 0.00010000 0.00000001
BNBDAI 0.00100000 5.00000000 0.10000000
XRPBUSD 1.00000000 5.00000000 0.00010000
PEOPLEETH 1.00000000 0.00500000 0.00000001
SOLETH 0.00100000 0.00500000 0.00001000
OGUSDT 0.10000000 10.00000000 0.00100000
AXSBRL 0.01000000 10.00000000 0.01000000
WAVESBTC 0.01000000 0.00010000 0.00000010
ARPATRY 1.00000000 10.00000000 0.00010000
BLZUSDT 1.00000000 10.00000000 0.00010000
LTCEUR 0.00100000 5.00000000 0.01000000
LTOBTC 1.00000000 0.00010000 0.00000001
GLMRBTC 0.10000000 0.00010000 0.00000001
LSKBUSD 0.10000000 10.00000000 0.00100000
APEAUD 0.01000000 5.00000000 0.00100000
QNTUSDT 0.00100000 10.00000000 0.10000000
LOOMUSDT 1.00000000 10.00000000 0.00001000
OGNUSDT 1.00000000 10.00000000 0.00010000
ARBBTC 0.10000000 0.00010000 0.00000001
QKCBTC 1.00000000 0.00010000 0.00000001
ANTUSDT 0.10000000 10.00000000 0.00100000
ETHUSDT 0.00010000 10.00000000 0.01000000
NEARTRY 0.00100000 10.00000000 0.01000000
SANTOSBRL 0.01000000 10.00000000 0.01000000
GMTTRY 0.01000000 10.00000000 0.01000000
TFUELUSDT 1.00000000 10.00000000 0.00010000
UNFIUSDT 0.10000000 10.00000000 0.00100000
1INCHBTC 0.10000000 0.00010000 0.00000001
FLUXBTC 0.01000000 0.00010000 0.00000001
SLPETH 1.00000000 0.00500000 0.00000001
IDUSDT 1.00000000 10.00000000 0.00001000
OPETH 0.01000000 0.00500000 0.00000100
ADABNB 0.10000000 0.05000000 0.00000100
REQBUSD 1.00000000 10.00000000 0.00010000
DEXEBUSD 0.01000000 10.00000000 0.00100000
XVSUSDT 0.01000000 10.00000000 0.01000000
SOLBUSD 0.01000000 5.00000000 0.01000000
EOSEUR 0.10000000 10.00000000 0.00100000
ZRXUSDT 1.00000000 10.00000000 0.00010000
CELRBNB 1.00000000 0.05000000 0.00000001
DOGEBUSD 1.00000000 5.00000000 0.00001000
BIFIUSDT 0.00100000 10.00000000 0.10000000
HARDBTC 1.00000000 0.00010000 0.00000001
INJBUSD 0.10000000 10.00000000 0.00100000
VETBTC 1.00000000 0.00010000 0.00000001
AXSBTC 0.01000000 0.00010000 0.00000010
DEGOUSDT 0.01000000 10.00000000 0.00100000
DOTGBP 0.01000000 5.00000000 0.00100000
XLMBUSD 1.00000000 10.00000000 0.00010000
IOSTETH 1.00000000 0.00500000 0.00000001
1INCHBUSD 0.10000000 10.00000000 0.00100000
STXBNB 0.10000000 0.05000000 0.00000100
FTMETH 0.10000000 0.00500000 0.00000010
STMXBTC 1.00000000 0.00010000 0.00000001
QIUSDT 1.00000000 10.00000000 0.00001000
ALGOTRY 0.10000000 10.00000000 0.00100000
CFXBUSD 1.00000000 10.00000000 0.00010000
QNTBNB 0.00100000 0.05000000 0.00010000
COCOSBNB 1.00000000 0.05000000 0.00000100
ALICEBTC 0.01000000 0.00010000 0.00000010
AVAUSDT 0.10000000 10.00000000 0.00100000
CHRBTC 1.00000000 0.00010000 0.00000001
LUNCBUSD 0.01000000 5.00000000 0.00000001
ADABTC 0.10000000 0.00010000 0.00000001
STORJBUSD 1.00000000 10.00000000 0.00010000
COMPBUSD 0.00100000 10.00000000 0.01000000
ARBUSDT 0.10000000 10.00000000 0.00010000
STEEMBUSD 0.10000000 10.00000000 0.00010000
ERNBUSD 0.10000000 10.00000000 0.00100000
BELETH 0.10000000 0.00500000 0.00000010
KLAYBNB 1.00000000 0.05000000 0.00000100
MINABTC 0.10000000 0.00010000 0.00000001
MOVRBTC 0.00100000 0.00010000 0.00000010
BCHEUR 0.00100000 10.00000000 0.10000000
ZECETH 0.00100000 0.00500000 0.00001000
LINKBNB 0.00100000 0.05000000 0.00001000
SCUSDT 1.00000000 10.00000000 0.00001000
ENSBTC 0.01000000 0.00010000 0.00000010
BSWUSDT 0.10000000 10.00000000 0.00010000
MASKBUSD 0.10000000 10.00000000 0.00100000
MATICBNB 0.10000000 0.05000000 0.00000100
ARDRBTC 1.00000000 0.00010000 0.00000001
ZRXBTC 1.00000000 0.00010000 0.00000001
BICOUSDT 0.01000000 10.00000000 0.00100000
FLUXBUSD 0.01000000 10.00000000 0.00100000
BARUSDT 0.01000000 10.00000000 0.01000000
ICPETH 0.00100000 0.00500000 0.00000100
ACABTC 0.01000000 0.00010000 0.00000001
STGUSDT 0.10000000 10.00000000 0.00010000
NEARBUSD 0.10000000 5.00000000 0.00100000
ENJEUR 0.10000000 10.00000000 0.00010000
LINKETH 0.01000000 0.00500000 0.00000100
PROSUSDT 1.00000000 10.00000000 0.00010000
GMTBTC 0.10000000 0.00010000 0.00000001
SNXBNB 0.10000000 0.05000000 0.00001000
XVSTRY 0.01000000 10.00000000 0.10000000
VITEUSDT 0.10000000 10.00000000 0.00001000
API3TRY 0.01000000 10.00000000 0.01000000
QKCETH 1.00000000 0.00500000 0.00000001
EGLDEUR 0.01000000 10.00000000 0.01000000
SCBUSD 1.00000000 10.00000000 0.00001000
XTZUSDT 0.10000000 10.00000000 0.00100000
TUSDUSDT 1.00000000 10.00000000 0.00010000
ONEBTC 1.00000000 0.00010000 0.00000001
APTETH 0.01000000 0.00500000 0.00000100
WANBTC 1.00000000 0.00010000 0.00000001
DOGEUSDT 1.00000000 5.00000000 0.00001000
NEOBUSD 0.01000000 10.00000000 0.01000000
DOTRUB 0.01000000 100.00000000 0.10000000
PUNDIXETH 0.10000000 0.00500000 0.00000010
GALAEUR 1.00000000 5.00000000 0.00001000
ENJUSDT 0.10000000 10.00000000 0.00010000
BATBTC 1.00000000 0.00010000 0.00000001
BICOBUSD 0.01000000 10.00000000 0.00100000
CITYUSDT 0.01000000 10.00000000 0.01000000
DIAUSDT 0.10000000 10.00000000 0.00100000
CHZBTC 1.00000000 0.00010000 0.00000001
SOLTUSD 0.01000000 5.00000000 0.01000000
SANDAUD 1.00000000 5.00000000 0.00010000
OCEANBUSD 1.00000000 10.00000000 0.00010000
UMAUSDT 0.10000000 10.00000000 0.00100000
INJBTC 0.10000000 0.00010000 0.00000010
BTCPLN 0.00001000 50.00000000 1.00000000
FLOWBNB 0.01000000 0.05000000 0.00000100
USDTRON 1.00000000 40.00000000 0.00100000
AUCTIONUSDT 0.01000000 10.00000000 0.01000000
ARPARUB 1.00000000 100.00000000 0.00100000
SUPERBTC 1.00000000 0.00010000 0.00000001
OCEANUSDT 1.00000000 10.00000000 0.00010000
XRPBTC 1.00000000 0.00010000 0.00000001
FLOWBUSD 0.01000000 10.00000000 0.00100000
SCETH 1.00000000 0.00500000 0.00000001
NMRBUSD 0.01000000 10.00000000 0.01000000
DODOUSDT 0.10000000 10.00000000 0.00010000
BTCBIDR 0.00001000 20000.00 1.00
AAVEBUSD 0.00100000 5.00000000 0.10000000
UMABUSD 0.10000000 10.00000000 0.00100000
LDOUSDT 0.01000000 10.00000000 0.00100000
COSBTC 1.00000000 0.00010000 0.00000001
LSKUSDT 0.10000000 10.00000000 0.00100000
LTCBNB 0.00100000 0.05000000 0.00010000
AUCTIONBUSD 0.01000000 10.00000000 0.01000000
SLPUSDT 1.00000000 10.00000000 0.00000100
STXBUSD 0.10000000 10.00000000 0.00010000
LOOMBUSD 1.00000000 10.00000000 0.00001000
XTZBNB 0.10000000 0.05000000 0.00000100
BTCGBP 0.00001000 10.00000000 0.01000000
APETRY 0.00100000 10.00000000 0.10000000
TRBBTC 0.01000000 0.00010000 0.00000100
LITBTC 0.10000000 0.00010000 0.00000001
TKOBUSD 0.10000000 10.00000000 0.00010000
ZECBTC 0.00100000 0.00010000 0.00000100
FORBUSD 0.10000000 10.00000000 0.00001000
ARPABTC 1.00000000 0.00010000 0.00000001
WINEUR 1.00000000 10.00000000 0.00000010
DREPUSDT 1.00000000 10.00000000 0.00010000
MULTIBUSD 0.00100000 10.00000000 0.01000000
EOSBNB 0.10000000 0.05000000 0.00001000
ZILBTC 1.00000000 0.00010000 0.00000001
AMBUSDT 1.00000000 10.00000000 0.00001000
ALPACABUSD 0.10000000 10.00000000 0.00010000
C98BTC 0.10000000 0.00010000 0.00000001
BNBBTC 0.00100000 0.00010000 0.00000100
DGBBUSD 0.10000000 10.00000000 0.00001000
NMRUSDT 0.01000000 10.00000000 0.01000000
ACHTRY 1.00000000 10.00000000 0.00010000
TUSDT 0.10000000 10.00000000 0.00001000
ARDRUSDT 1.00000000 10.00000000 0.00010000
UNIBNB 0.01000000 0.05000000 0.00001000
SANTOSUSDT 0.01000000 10.00000000 0.00100000
APTBRL 0.01000000 10.00000000 0.01000000
KEYBUSD 1.00000000 10.00000000 0.00000100
RUNEETH 0.00100000 0.00500000 0.00000100
CTKUSDT 0.10000000 10.00000000 0.00100000
ORNBUSD 0.10000000 10.00000000 0.00010000
ETHUAH 0.00010000 100.00000000 1.00000000
RLCETH 0.10000000 0.00500000 0.00000100
GMTBUSD 0.10000000 5.00000000 0.00010000
ASRUSDT 0.10000000 10.00000000 0.00100000
MATICUSDT 0.10000000 5.00000000 0.00010000
PSGBTC 0.01000000 0.00010000 0.00000010
LINKUSDT 0.01000000 5.00000000 0.00100000
UNFIETH 0.01000000 0.00500000 0.00000100
MATICBIDR 0.10000000 20000.00 1.00
MANABUSD 1.00000000 5.00000000 0.00010000
BELUSDT 0.10000000 10.00000000 0.00010000
LINKBUSD 0.01000000 5.00000000 0.00100000
GRTEUR 1.00000000 10.00000000 0.00010000
WAXPBNB 1.00000000 0.05000000 0.00000010
LUNABUSD 0.01000000 10.00000000 0.00010000
APTBTC 0.01000000 0.00010000 0.00000001
APTEUR 0.01000000 10.00000000 0.00010000
BANDBUSD 0.10000000 10.00000000 0.00100000
DASHETH 0.00100000 0.00500000 0.00001000
MTLBUSD 0.10000000 10.00000000 0.00100000
FIDABUSD 0.10000000 10.00000000 0.00010000
REIBUSD 0.10000000 10.00000000 0.00001000
ETCTRY 0.00100000 10.00000000 0.10000000
BATUSDT 1.00000000 10.00000000 0.00010000
ONEETH 0.10000000 0.00500000 0.00000001
USDTBIDR 0.10000000 20000.00 1.00
ARUSDT 0.01000000 10.00000000 0.01000000
CVPBUSD 0.10000000 10.00000000 0.00010000
GTCUSDT 0.10000000 10.00000000 0.00100000
AGIXBTC 1.00000000 0.00010000 0.00000001
COSBUSD 0.10000000 10.00000000 0.00001000
SUNBUSD 1.00000000 10.00000000 0.00001000
BSWBUSD 0.10000000 10.00000000 0.00010000
ETCEUR 0.01000000 5.00000000 0.01000000
BIFIBUSD 0.00100000 10.00000000 0.10000000
MANAETH 1.00000000 0.00500000 0.00000010
DOTUSDT 0.01000000 5.00000000 0.00100000
SXPBUSD 0.10000000 10.00000000 0.00010000
DEXEETH 0.01000000 0.00500000 0.00000100
FTMUSDT 1.00000000 5.00000000 0.00010000
ALGOETH 0.10000000 0.00500000 0.00000010
AVAXETH 0.01000000 0.00500000 0.00001000
BNTBUSD 0.10000000 10.00000000 0.00010000
RVNBUSD 0.10000000 10.00000000 0.00001000
FORTHUSDT 0.01000000 10.00000000 0.00100000
WTCUSDT 1.00000000 10.00000000 0.00010000
KAVAETH 0.01000000 0.00500000 0.00000010
ACABUSD 0.01000000 10.00000000 0.00010000
XRPBRL 1.00000000 10.00000000 0.00100000
BCHBTC 0.00100000 0.00010000 0.00001000
ENSTRY 0.00100000 10.00000000 0.10000000
ONEUSDT 0.10000000 10.00000000 0.00001000
MATICTUSD 0.10000000 5.00000000 0.00010000
NEARBNB 0.10000000 0.05000000 0.00000100
DREPBTC 1.00000000 0.00010000 0.00000001
OXTUSDT 1.00000000 10.00000000 0.00010000
ONETRY 0.10000000 10.00000000 0.00100000
BNBETH 0.00100000 0.00500000 0.00010000
SKLBUSD 1.00000000 10.00000000 0.00001000
FORTHBTC 0.01000000 0.00010000 0.00000010
LOKABUSD 0.10000000 10.00000000 0.00010000
KNCUSDT 0.10000000 10.00000000 0.00100000
PHABUSD 1.00000000 10.00000000 0.00010000
RLCBTC 0.10000000 0.00010000 0.00000001
NEOBNB 0.01000000 0.05000000 0.00010000
RAYBUSD 0.10000000 10.00000000 0.00010000
BUSDBRL 0.10000000 10.00000000 0.00100000
SCRTETH 1.00000000 0.00500000 0.00000010
LPTBUSD 0.01000000 10.00000000 0.01000000
IOSTBUSD 0.10000000 10.00000000 0.00001000
FIOUSDT 1.00000000 10.00000000 0.00001000
XMRBUSD 0.00100000 5.00000000 0.10000000
GRTETH 1.00000000 0.00500000 0.00000010
KNCBNB 0.01000000 0.05000000 0.00000100
QKCUSDT 1.00000000 10.00000000 0.00000100
CRVBTC 0.10000000 0.00010000 0.00000001
SNXETH 0.01000000 0.00500000 0.00000100
MAGICBTC 0.10000000 0.00010000 0.00000001
ANKRUSDT 0.10000000 10.00000000 0.00001000
VETBNB 1.00000000 0.05000000 0.00000010
SYSUSDT 1.00000000 10.00000000 0.00010000
CKBUSDT 1.00000000 10.00000000 0.00001000
LOKABNB 0.10000000 0.05000000 0.00000010
LAZIOUSDT 0.01000000 10.00000000 0.00010000
BNBTRY 0.00100000 10.00000000 1.00000000
HARDUSDT 1.00000000 10.00000000 0.00010000
ARPABNB 1.00000000 0.05000000 0.00000010
TOMOBUSD 0.10000000 10.00000000 0.00010000
CFXUSDT 1.00000000 10.00000000 0.00010000
BTCTUSD 0.00001000 10.00000000 0.01000000
SANDETH 0.10000000 0.00500000 0.00000010
CELOUSDT 0.10000000 10.00000000 0.00100000
HBARBUSD 1.00000000 10.00000000 0.00010000
LINKBRL 0.01000000 10.00000000 0.01000000
EGLDRON 0.01000000 40.00000000 0.10000000
ZRXBUSD 1.00000000 10.00000000 0.00010000
ORNUSDT 0.10000000 10.00000000 0.00010000
WRXBUSD 0.10000000 10.00000000 0.00010000
CITYBTC 0.01000000 0.00010000 0.00000010
ASTRBUSD 0.10000000 10.00000000 0.00010000
PSGBUSD 0.01000000 10.00000000 0.01000000
MDXBUSD 0.10000000 10.00000000 0.00010000
LITUSDT 0.10000000 10.00000000 0.00100000
CTXCBUSD 1.00000000 10.00000000 0.00010000
BETABNB 1.00000000 0.05000000 0.00000010
LEVERUSDT 1.00000000 10.00000000 0.00000100
ELFBTC 1.00000000 0.00010000 0.00000001
TVKBUSD 1.00000000 10.00000000 0.00010000
IOSTBTC 1.00000000 0.00010000 0.00000001
ADAGBP 0.10000000 5.00000000 0.00010000
CTKBTC 0.10000000 0.00010000 0.00000001
STGBTC 0.10000000 0.00010000 0.00000001
ADXBUSD 1.00000000 10.00000000 0.00010000
HOOKBUSD 0.10000000 10.00000000 0.00010000
IMXBTC 0.01000000 0.00010000 0.00000001
NEARUSDT 0.10000000 5.00000000 0.00100000
PYRBTC 0.00100000 0.00010000 0.00000010
APEEUR 0.01000000 5.00000000 0.00100000
REQUSDT 1.00000000 10.00000000 0.00010000
KNCBUSD 0.10000000 10.00000000 0.00100000
PLAUSDT 0.01000000 10.00000000 0.00010000
DATABTC 1.00000000 0.00010000 0.00000001
USDTDAI 0.10000000 10.00000000 0.00010000
LINKTRY 0.01000000 10.00000000 0.10000000
ICXBUSD 0.10000000 10.00000000 0.00010000
APEBNB 0.00100000 0.05000000 0.00001000
GALABUSD 1.00000000 5.00000000 0.00001000
VOXELBNB 0.10000000 0.05000000 0.00000010
FTMAUD 1.00000000 5.00000000 0.00010000
BUSDPLN 1.00000000 50.00000000 0.00100000
PHAUSDT 1.00000000 10.00000000 0.00010000
IRISBTC 1.00000000 0.00010000 0.00000001
SNXBTC 0.10000000 0.00010000 0.00000010
LPTBNB 0.01000000 0.05000000 0.00001000
TRXXRP 0.10000000 10.00000000 0.00001000
BNBBUSD 0.00100000 5.00000000 0.10000000
ETHBTC 0.00010000 0.00010000 0.00000100
COSBNB 1.00000000 0.05000000 0.00000001
AXSBUSD 0.01000000 5.00000000 0.01000000
BNBUSDC 0.00100000 5.00000000 0.10000000
GALAAUD 1.00000000 5.00000000 0.00001000
QTUMBUSD 0.10000000 10.00000000 0.00100000
GASBTC 0.10000000 0.00010000 0.00000010
GLMBTC 1.00000000 0.00010000 0.00000001
AKROUSDT 1.00000000 10.00000000 0.00001000
AVAXTRY 0.01000000 10.00000000 0.10000000
HIFIUSDT 0.10000000 10.00000000 0.00010000
COTIBTC 1.00000000 0.00010000 0.00000001
ACAUSDT 0.01000000 10.00000000 0.00010000
QNTBUSD 0.00100000 10.00000000 0.10000000
FTMBUSD 1.00000000 5.00000000 0.00010000
FARMBTC 0.00100000 0.00010000 0.00000100
VETTRY 0.10000000 10.00000000 0.00010000
LAZIOEUR 0.01000000 10.00000000 0.00010000
BUSDTRY 1.00000000 10.00000000 0.01000000
LDOBTC 0.01000000 0.00010000 0.00000001
QTUMBTC 0.10000000 0.00010000 0.00000010
XRPTUSD 1.00000000 5.00000000 0.00010000
ANKRTRY 1.00000000 10.00000000 0.00010000
UMATRY 0.01000000 10.00000000 0.10000000
AVAXBNB 0.01000000 0.05000000 0.00001000
SOLBTC 0.01000000 0.00010000 0.00000010
TLMBUSD 1.00000000 10.00000000 0.00001000
ICPBNB 0.01000000 0.05000000 0.00001000
LDOBUSD 0.01000000 10.00000000 0.00100000
FIROBUSD 0.10000000 10.00000000 0.00100000
DYDXBTC 0.01000000 0.00010000 0.00000001
REEFBUSD 0.10000000 10.00000000 0.00000100
AAVEBTC 0.00100000 0.00010000 0.00000100
POLYXUSDT 0.10000000 10.00000000 0.00010000
ADABUSD 0.10000000 5.00000000 0.00010000
IRISUSDT 0.10000000 10.00000000 0.00001000
RIFUSDT 1.00000000 10.00000000 0.00010000
C98USDT 0.10000000 10.00000000 0.00010000
XRPUSDT 1.00000000 5.00000000 0.00010000
IDBTC 1.00000000 0.00010000 0.00000001
FIOBTC 1.00000000 0.00010000 0.00000001
QKCBUSD 1.00000000 10.00000000 0.00000100
IDTUSD 1.00000000 10.00000000 0.00001000
DUSKBUSD 1.00000000 10.00000000 0.00010000
CITYBUSD 0.01000000 10.00000000 0.01000000
MANATRY 0.10000000 10.00000000 0.01000000
ALGOBTC 1.00000000 0.00010000 0.00000001
XVSBTC 0.01000000 0.00010000 0.00000010
AUDBUSD 1.00000000 10.00000000 0.00010000
WANUSDT 1.00000000 10.00000000 0.00010000
UNFIBUSD 0.10000000 10.00000000 0.00100000
NKNBUSD 1.00000000 10.00000000 0.00010000
GMTUSDT 0.10000000 5.00000000 0.00010000
OGNBTC 1.00000000 0.00010000 0.00000001
EOSTRY 0.10000000 10.00000000 0.01000000
JSTBTC 1.00000000 0.00010000 0.00000001
GALBNB 0.00100000 0.05000000 0.00000100
LINABUSD 0.01000000 10.00000000 0.00000100
BUSDRON 1.00000000 40.00000000 0.00100000
CHRBNB 1.00000000 0.05000000 0.00000010
LOOMBTC 1.00000000 0.00010000 0.00000001
DCRBTC 0.00100000 0.00010000 0.00000100
KEYUSDT 1.00000000 10.00000000 0.00000100
CHESSBUSD 0.10000000 10.00000000 0.00010000
SYSBUSD 1.00000000 10.00000000 0.00010000
SHIBUSDT 1.00 5.00000000 0.00000001
WAXPUSDT 1.00000000 10.00000000 0.00010000
MOBBTC 0.01000000 0.00010000 0.00000001
ALPHABTC 1.00000000 0.00010000 0.00000001
KSMUSDT 0.00100000 10.00000000 0.01000000
ENSUSDT 0.01000000 10.00000000 0.01000000
MINABNB 0.10000000 0.05000000 0.00000100
FORUSDT 1.00000000 10.00000000 0.00001000
TWTTRY 0.01000000 10.00000000 0.01000000
OSMOBUSD 0.01000000 10.00000000 0.00100000
ENSBUSD 0.01000000 10.00000000 0.01000000
AVAXBTC 0.01000000 0.00010000 0.00000010
RENUSDT 1.00000000 10.00000000 0.00000100
RUNEEUR 0.10000000 10.00000000 0.00100000
NULSBUSD 1.00000000 10.00000000 0.00010000
ACHBTC 1.00000000 0.00010000 0.00000001
QIBUSD 1.00000000 10.00000000 0.00001000
MATICGBP 0.10000000 5.00000000 0.00010000
ANKRBTC 1.00000000 0.00010000 0.00000001
OGBUSD 0.10000000 10.00000000 0.00100000
MBOXBNB 0.10000000 0.05000000 0.00000100
SLPBUSD 1.00000000 10.00000000 0.00000100
LDOTUSD 0.01000000 10.00000000 0.00100000
TWTBTC 1.00000000 0.00010000 0.00000001
FILBUSD 0.01000000 5.00000000 0.00100000
YGGBTC 0.10000000 0.00010000 0.00000001
DOGEGBP 1.00000000 5.00000000 0.00001000
BTTCBUSD 1.0 10.00000000 0.00000001
ADXETH 1.00000000 0.00500000 0.00000010
UNIETH 0.00100000 0.00500000 0.00000100
ALCXBUSD 0.00010000 10.00000000 0.01000000
BALUSDT 0.01000000 10.00000000 0.00100000
CHRBUSD 1.00000000 10.00000000 0.00010000
GRTBTC 1.00000000 0.00010000 0.00000001
GRTTRY 1.00000000 10.00000000 0.00100000
DENTETH 1.00000000 0.00500000 0.00000001
GMTGBP 0.10000000 5.00000000 0.00010000
BETABTC 1.00000000 0.00010000 0.00000001
ASTRBTC 0.10000000 0.00010000 0.00000001
ARBNB 0.01000000 0.05000000 0.00001000
FILTRY 0.00100000 10.00000000 0.01000000
TRXUSDT 0.10000000 5.00000000 0.00001000
DIABUSD 0.10000000 10.00000000 0.00100000
VITEBUSD 0.10000000 10.00000000 0.00001000
MCBTC 0.01000000 0.00010000 0.00000001
MBLUSDT 1.00000000 10.00000000 0.00000100
BNBUAH 0.00100000 100.00000000 1.00000000
MANABTC 1.00000000 0.00010000 0.00000001
SHIBEUR 1.00 5.00000000 0.00000001
WINUSDT 1.00000000 10.00000000 0.00000010
GLMBUSD 0.10000000 10.00000000 0.00010000
DASHBUSD 0.00100000 10.00000000 0.01000000
AXSETH 0.00100000 0.00500000 0.00000100
YGGBUSD 0.10000000 10.00000000 0.00010000
BADGERBTC 0.01000000 0.00010000 0.00000010
BTCUAH 0.00001000 100.00000000 1.00000000
TRXEUR 1.00000000 5.00000000 0.00001000
DOCKUSDT 1.00000000 10.00000000 0.00001000
PHBUSDT 1.00000000 10.00000000 0.00010000
ALPHABUSD 1.00000000 10.00000000 0.00010000
LAZIOTRY 0.01000000 10.00000000 0.00100000
RAYUSDT 0.10000000 10.00000000 0.00010000
DOGETRY 1.00000000 10.00000000 0.00100000
UTKBTC 1.00000000 0.00010000 0.00000001
MKRBTC 0.00010000 0.00010000 0.00001000
LSKETH 0.10000000 0.00500000 0.00000100
PHBBTC 0.10000000 0.00010000 0.00000001
BSWBNB 0.10000000 0.05000000 0.00000010
UTKBUSD 1.00000000 10.00000000 0.00010000
LINABTC 1.00000000 0.00010000 0.00000001
FLMBTC 1.00000000 0.00010000 0.00000001
WAVESETH 0.01000000 0.00500000 0.00000100
SSVUSDT 0.00100000 10.00000000 0.01000000
BICOBTC 0.01000000 0.00010000 0.00000001
ADABRL 0.10000000 10.00000000 0.00100000
RIFBTC 1.00000000 0.00010000 0.00000001
USTCBUSD 1.00000000 10.00000000 0.00000001
DFUSDT 1.00000000 10.00000000 0.00010000
SOLEUR 0.01000000 5.00000000 0.01000000
ENJBUSD 0.10000000 10.00000000 0.00010000
BTCEUR 0.00001000 10.00000000 0.01000000
ICPTRY 0.00100000 10.00000000 0.10000000
BETHUSDT 0.00010000 10.00000000 0.01000000
LTCRUB 0.00100000 100.00000000 0.10000000
SUSHIBNB 0.10000000 0.05000000 0.00000100
BTTCTRY 1.0 10.00000000 0.00000001
CTSIBNB 1.00000000 0.05000000 0.00000100
SPELLUSDT 1.00000000 10.00000000 0.00000010
DARBUSD 1.00000000 10.00000000 0.00001000
GALTRY 0.00100000 10.00000000 0.10000000
COCOSBUSD 1.00000000 10.00000000 0.00010000
DOGEBIDR 1.00000000 20000.00 1.00
QIBTC 1.00000000 0.00010000 0.00000001
DOTBTC 0.01000000 0.00010000 0.00000010
UTKUSDT 1.00000000 10.00000000 0.00010000
NMRBTC 0.01000000 0.00010000 0.00000100
XMRETH 0.00100000 0.00500000 0.00001000
HIVEBUSD 1.00000000 10.00000000 0.00010000
SYNUSDT 0.10000000 10.00000000 0.00010000
LPTBTC 0.01000000 0.00010000 0.00000010
PORTOUSDT 0.01000000 10.00000000 0.00010000
MATICETH 0.10000000 0.00500000 0.00000010
CRVUSDT 0.10000000 10.00000000 0.00100000
BUSDBIDR 0.10000000 20000.00 1.00
STXTRY 0.10000000 10.00000000 0.00100000
XTZBTC 0.10000000 0.00010000 0.00000001
PERPUSDT 0.01000000 10.00000000 0.00001000
ALICEUSDT 0.01000000 10.00000000 0.00100000
ALGORUB 0.10000000 100.00000000 0.01000000
DEGOBTC 0.01000000 0.00010000 0.00000001
YFIUSDT 0.00001000 10.00000000 1.00000000
DOTAUD 0.01000000 5.00000000 0.00100000
SUSHIBTC 0.10000000 0.00010000 0.00000001
MBOXUSDT 0.10000000 10.00000000 0.00100000
YGGUSDT 0.10000000 10.00000000 0.00010000
RSRBNB 1.00000000 0.05000000 0.00000001
GHSTBUSD 0.10000000 10.00000000 0.00100000
ATABUSD 1.00000000 10.00000000 0.00010000
ILVBUSD 0.00100000 10.00000000 0.01000000
SPELLBUSD 1.00000000 10.00000000 0.00000010
MLNBUSD 0.00100000 10.00000000 0.01000000
DOCKBUSD 1.00000000 10.00000000 0.00001000
BUSDDAI 0.10000000 10.00000000 0.00010000
NKNBTC 1.00000000 0.00010000 0.00000001
IOTXBTC 1.00000000 0.00010000 0.00000001
ROSEBTC 1.00000000 0.00010000 0.00000001
ATMUSDT 0.01000000 10.00000000 0.00100000
MLNUSDT 0.00100000 10.00000000 0.01000000
JASMYETH 1.00000000 0.00500000 0.00000001
CTKBUSD 0.10000000 10.00000000 0.00100000
EGLDUSDT 0.01000000 10.00000000 0.01000000
CTKBNB 0.10000000 0.05000000 0.00000100
ONTTRY 1.00000000 10.00000000 0.00100000
BALBUSD 0.01000000 10.00000000 0.00100000
HARDBUSD 1.00000000 10.00000000 0.00010000
KP3RBUSD 0.01000000 10.00000000 0.01000000
FISBRL 0.10000000 10.00000000 0.00100000
BNBBRL 0.00100000 10.00000000 1.00000000
SHIBBRL 1.00 10.00000000 0.00000001
LRCBUSD 1.00000000 10.00000000 0.00010000
TRBUSDT 0.01000000 10.00000000 0.01000000
LTCBUSD 0.00100000 5.00000000 0.01000000
ALPINETRY 0.01000000 10.00000000 0.01000000
GASBUSD 0.10000000 10.00000000 0.00100000
ADARUB 0.10000000 100.00000000 0.01000000
ZILBNB 1.00000000 0.05000000 0.00000010
FUNBNB 1.00000000 0.05000000 0.00000001
ANTBUSD 0.10000000 10.00000000 0.00100000
ETHUSDC 0.00010000 10.00000000 0.01000000
JASMYBUSD 0.10000000 10.00000000 0.00000100
USDTPLN 1.00000000 50.00000000 0.00100000
JUVBUSD 0.01000000 10.00000000 0.00100000
GALBRL 0.01000000 10.00000000 0.01000000
ONTUSDT 1.00000000 10.00000000 0.00010000
ARPAUSDT 0.10000000 10.00000000 0.00001000
WINGUSDT 0.01000000 10.00000000 0.01000000
POLSBNB 0.10000000 0.05000000 0.00000100
ATOMEUR 0.01000000 5.00000000 0.00100000
PUNDIXUSDT 0.10000000 10.00000000 0.00100000
MASKBNB 0.10000000 0.05000000 0.00001000
STORJBTC 1.00000000 0.00010000 0.00000001
SKLUSDT 1.00000000 10.00000000 0.00001000
EURBUSD 0.10000000 10.00000000 0.00010000
SPELLTRY 1.00000000 10.00000000 0.00001000
BATETH 1.00000000 0.00500000 0.00000010
STEEMBTC 1.00000000 0.00010000 0.00000001
IMXBNB 0.01000000 0.05000000 0.00000100
CVXBUSD 0.00100000 10.00000000 0.00100000
BTCBRL 0.00001000 10.00000000 1.00000000
POLYXBTC 0.10000000 0.00010000 0.00000001
AVAXUSDT 0.01000000 5.00000000 0.01000000
ATOMTRY 0.00100000 10.00000000 0.10000000
GALAUSDT 1.00000000 5.00000000 0.00001000
SANTOSTRY 0.01000000 10.00000000 0.01000000
STPTBTC 1.00000000 0.00010000 0.00000001
WINBUSD 1.00000000 10.00000000 0.00000010
MANABRL 0.10000000 10.00000000 0.00100000
RENBTC 1.00000000 0.00010000 0.00000001
BNBTUSD 0.00100000 5.00000000 0.10000000
COMPBTC 0.00100000 0.00010000 0.00000100
ARPABUSD 0.10000000 10.00000000 0.00001000
ETHDAI 0.00010000 10.00000000 0.01000000
RDNTTUSD 1.00000000 10.00000000 0.00010000
DATAUSDT 0.10000000 10.00000000 0.00001000
CELOBTC 0.10000000 0.00010000 0.00000001
TOMOUSDT 0.10000000 10.00000000 0.00010000
MATICBTC 0.10000000 0.00010000 0.00000001
XRPBNB 1.00000000 0.05000000 0.00000100
NEOUSDT 0.01000000 10.00000000 0.01000000
FIDABTC 0.10000000 0.00010000 0.00000001
AVABTC 0.10000000 0.00010000 0.00000001
BNTBTC 0.10000000 0.00010000 0.00000001
TLMTRY 1.00000000 10.00000000 0.00010000
OMBTC 1.00000000 0.00010000 0.00000001
AMPBUSD 1.00000000 10.00000000 0.00001000
TROYBUSD 1.00000000 10.00000000 0.00000100
PYRUSDT 0.00100000 10.00000000 0.01000000
INJBNB 0.10000000 0.05000000 0.00001000
BTCDAI 0.00001000 10.00000000 0.01000000
BUSDRUB 1.00000000 100.00000000 0.01000000
TKOBTC 0.10000000 0.00010000 0.00000001
TRBBUSD 0.01000000 10.00000000 0.01000000
ADXUSDT 1.00000000 10.00000000 0.00010000
USDTUAH 1.00000000 100.00000000 0.01000000
FTMBTC 1.00000000 0.00010000 0.00000001
PROMUSDT 0.01000000 10.00000000 0.01000000
API3BTC 0.01000000 0.00010000 0.00000001
RADBUSD 0.10000000 10.00000000 0.00100000
BNTUSDT 0.10000000 10.00000000 0.00010000
SOLGBP 0.01000000 5.00000000 0.01000000
KAVAUSDT 0.10000000 10.00000000 0.00100000
AMPUSDT 1.00000000 10.00000000 0.00001000
HIGHBNB 0.01000000 0.05000000 0.00000100
DOTBUSD 0.01000000 5.00000000 0.00100000
ONGBTC 1.00000000 0.00010000 0.00000001
DODOBUSD 0.10000000 10.00000000 0.00010000
LTCETH 0.00100000 0.00500000 0.00001000
ETCUSDT 0.01000000 5.00000000 0.01000000
BAKEBNB 0.10000000 0.05000000 0.00000100
ALPACAUSDT 0.10000000 10.00000000 0.00010000
RAREBUSD 0.10000000 10.00000000 0.00010000
BARBUSD 0.01000000 10.00000000 0.01000000
FISBUSD 1.00000000 10.00000000 0.00010000
AMBBTC 1.00000000 0.00010000 0.00000001
AVAXEUR 0.01000000 5.00000000 0.01000000
TLMUSDT 1.00000000 10.00000000 0.00001000
INJTRY 0.01000000 10.00000000 0.01000000
BELTRY 0.01000000 10.00000000 0.01000000
PROMBUSD 0.01000000 10.00000000 0.01000000
SXPTRY 0.10000000 10.00000000 0.00100000
ACHUSDT 1.00000000 10.00000000 0.00001000
MINATRY 0.01000000 10.00000000 0.01000000
LITBUSD 0.10000000 10.00000000 0.00100000
CLVBUSD 0.10000000 10.00000000 0.00001000
DUSKBTC 1.00000000 0.00010000 0.00000001
ALGOBUSD 1.00000000 5.00000000 0.00010000
ATOMUSDT 0.01000000 5.00000000 0.00100000
SANDBNB 1.00000000 0.05000000 0.00000100
ZECBUSD 0.00100000 10.00000000 0.10000000
CRVBUSD 0.10000000 10.00000000 0.00100000
HIFIETH 0.10000000 0.00500000 0.00000010
DGBBTC 1.00000000 0.00010000 0.00000001
BNTETH 0.10000000 0.00500000 0.00000010
DOTEUR 0.01000000 5.00000000 0.00100000
WRXUSDT 0.10000000 10.00000000 0.00010000
ZECBNB 0.00100000 0.05000000 0.00010000
ELFETH 1.00000000 0.00500000 0.00000010
ALICETRY 0.00100000 10.00000000 0.01000000
RVNUSDT 0.10000000 10.00000000 0.00001000
SUPERUSDT 1.00000000 10.00000000 0.00010000
VIBETH 1.00000000 0.00500000 0.00000001
JOEBTC 0.01000000 0.00010000 0.00000001
TRXETH 1.00000000 0.00500000 0.00000001
STRAXBUSD 0.10000000 10.00000000 0.00100000
WRXBTC 0.10000000 0.00010000 0.00000001
IOTXETH 1.00000000 0.00500000 0.00000001
OMGBTC 0.10000000 0.00010000 0.00000010
ARBTC 0.01000000 0.00010000 0.00000010
SSVETH 0.01000000 0.00500000 0.00000100
ALPINEUSDT 0.01000000 10.00000000 0.00010000
ELFUSDT 0.10000000 10.00000000 0.00010000
RUNEBNB 0.10000000 0.05000000 0.00001000
PONDUSDT 0.01000000 10.00000000 0.00001000
VIDTBUSD 1.00000000 10.00000000 0.00001000
EPXUSDT 1.00000000 10.00000000 0.00000010
XNOBTC 0.01000000 0.00010000 0.00000001
EOSBUSD 0.10000000 10.00000000 0.00100000
BNXUSDT 0.10000000 10.00000000 0.00100000
AMPBTC 1.00000000 0.00010000 0.00000001
OPBTC 0.01000000 0.00010000 0.00000001
OMGBUSD 0.10000000 10.00000000 0.00100000
TLMBTC 1.00000000 0.00010000 0.00000001
AUDIOUSDT 0.10000000 10.00000000 0.00010000
JSTBUSD 0.10000000 10.00000000 0.00001000
CTSIBTC 1.00000000 0.00010000 0.00000001
NULSBTC 1.00000000 0.00010000 0.00000001
ZENBTC 0.01000000 0.00010000 0.00000100
ADAEUR 0.10000000 5.00000000 0.00010000
NEORUB 0.00100000 100.00000000 1.00000000
DOGEAUD 1.00000000 5.00000000 0.00001000
IDEXBUSD 0.10000000 10.00000000 0.00001000
WAXPBUSD 1.00000000 10.00000000 0.00010000
AUCTIONBTC 0.01000000 0.00010000 0.00000010
API3USDT 0.01000000 10.00000000 0.00100000
FTMEUR 1.00000000 5.00000000 0.00010000
GLMRBUSD 0.10000000 10.00000000 0.00010000
STEEMUSDT 0.10000000 10.00000000 0.00010000
MKRUSDT 0.00010000 10.00000000 1.00000000
PHBBUSD 1.00000000 10.00000000 0.00010000
ARBRUB 0.10000000 100.00000000 0.10000000
INJUSDT 0.10000000 10.00000000 0.00100000
MDTUSDT 0.10000000 10.00000000 0.00001000
POLSBTC 0.10000000 0.00010000 0.00000001
FTMTRY 0.01000000 10.00000000 0.00100000
EOSETH 0.10000000 0.00500000 0.00000100
WINGBUSD 0.01000000 10.00000000 0.01000000
AUDUSDT 1.00000000 10.00000000 0.00010000
MOVRBUSD 0.00100000 10.00000000 0.01000000
SUSHIUSDT 0.10000000 10.00000000 0.00100000
ETHAUD 0.00010000 10.00000000 0.01000000
DARUSDT 1.00000000 10.00000000 0.00001000
MATICBUSD 0.10000000 5.00000000 0.00010000
TVKBTC 1.00000000 0.00010000 0.00000001
HIGHBUSD 0.00100000 10.00000000 0.00100000
BNBRUB 0.00100000 100.00000000 0.01000000
OCEANBNB 1.00000000 0.05000000 0.00000100
KNCBTC 0.10000000 0.00010000 0.00000001
BONDBUSD 0.01000000 10.00000000 0.00100000
GALABNB 1.00000000 0.05000000 0.00000001
PEOPLEBTC 0.10000000 0.00010000 0.00000001
ILVBTC 0.00100000 0.00010000 0.00000100
LQTYUSDT 0.10000000 10.00000000 0.00100000
AAVEETH 0.00100000 0.00500000 0.00010000
PONDBTC 1.00000000 0.00010000 0.00000001
RPLBTC 0.01000000 0.00010000 0.00000100
ETHBIDR 0.00010000 20000.00 1.00
MBOXTRY 0.01000000 10.00000000 0.01000000
NEXOBTC 0.01000000 0.00010000 0.00000001
FLOWBTC 0.01000000 0.00010000 0.00000001
FILBNB 0.01000000 0.05000000 0.00001000
TROYUSDT 1.00000000 10.00000000 0.00000100
ANTBTC 0.10000000 0.00010000 0.00000001
APEUSDT 0.01000000 5.00000000 0.00100000
WOOBNB 0.10000000 0.05000000 0.00000100
GBPUSDT 0.10000000 10.00000000 0.00100000
CTSIBUSD 1.00000000 10.00000000 0.00010000
ALPINEEUR 0.01000000 10.00000000 0.00010000
BCHBNB 0.00100000 0.05000000 0.00100000
ADAAUD 0.10000000 5.00000000 0.00010000
HIVEUSDT 1.00000000 10.00000000 0.00010000
BETABUSD 1.00000000 10.00000000 0.00001000
FUNUSDT 1.00000000 10.00000000 0.00000100
KDAUSDT 0.01000000 10.00000000 0.00100000
GMTBRL 0.10000000 10.00000000 0.00100000
HIGHBTC 0.00100000 0.00010000 0.00000001
VIBBTC 1.00000000 0.00010000 0.00000001
DFBUSD 1.00000000 10.00000000 0.00010000
LINKEUR 0.01000000 5.00000000 0.00100000
TFUELBUSD 1.00000000 10.00000000 0.00010000
CFXBTC 1.00000000 0.00010000 0.00000001
LUNAUSDT 0.01000000 10.00000000 0.00010000
COSUSDT 0.10000000 10.00000000 0.00001000
AXSBNB 0.01000000 0.05000000 0.00001000
ICPUSDT 0.01000000 10.00000000 0.00100000
SXPUSDT 0.10000000 10.00000000 0.00010000
YFIBTC 0.00001000 0.00010000 0.00010000
SNXUSDT 0.10000000 10.00000000 0.00100000
BNXBNB 0.10000000 0.05000000 0.00000100
