KLAY-BTC 1 1 0.00000001
CORE-USDT 0.01 1 0.00001
USTC-BTC 0.01 100 0.000000001
BTC-USDK 0.00000001 0.00001 0.1
MINA-USDC 0.0001 1 0.001
ZRX-USDT 0.000001 1 0.0001
YFI-ETH 0.0001 0.0001 0.01
YGG-USDT 0.000001 1 0.0001
HEGIC-ETH 1 10 0.00000001
WBTC-BTC 0.0001 0.0001 0.0001
OMG-USDC 0.0001 0.1 0.001
MANA-USDC 0.0001 1 0.0001
FIL-USDC 0.000001 0.01 0.001
BTC-EURT 0.00000001 0.00001 0.1
GEAR-USDC 0.01 100 0.00001
SWFTC-USDC 0.01 100 0.000001
KNC-USDC 0.0001 1 0.0001
OMG-USDT 0.000001 0.1 0.001
SWFTC-USDT 0.000001 100 0.000001
DASH-ETH 0.000001 0.01 0.0001
ZEC-USDC 0.000001 0.01 0.01
MITH-USDT 0.000001 10 0.00001
BSV-USDT 0.000001 0.01 0.01
SAND-USDT 0.000001 1 0.0001
SOS-USDT 1 1000000 0.000000001
ANC-USDC 0.0001 0.1 0.0001
LTC-USDT 0.000001 0.01 0.01
DYDX-USDT 0.000001 0.1 0.001
XEM-USDC 0.0001 10 0.0001
PEOPLE-USDC 0.01 10 0.00001
BETH-USDT 0.000001 0.001 0.01
QTUM-ETH 0.00001 0.1 0.00001
YGG-USDC 0.0001 1 0.0001
PST-BTC 0.001 10 0.000000001
JST-USDC 0.0001 10 0.00001
ETC-BTC 0.00001 0.1 0.000001
TRX-ETH 0.01 10 0.00000001
YFI-USDT 0.000001 0.0005 1
BTC-USDT 0.00000001 0.00001 0.1
NAS-BTC 0.0001 1 0.00000001
NEAR-ETH 1 1 0.000001
TRB-USDC 0.0001 0.01 0.01
STX-BTC 1 1 0.00000001
ATOM-ETH 0.0001 0.1 0.000001
SOL-ETH 0.0001 0.01 0.00001
AAVE-USDC 0.0001 0.01 0.01
TAMA-USDT 0.01 100 0.000001
TRUE-USDT 0.000001 10 0.00001
YFII-USDT 0.000001 0.001 0.1
DOGE-USDC 0.01 10 0.00001
COMP-BTC 0.0001 0.001 0.000001
KCAL-USDC 0.0001 1 0.0001
XNO-USDC 0.0001 1 0.001
MATIC-USDC 0.0001 1 0.0001
NYM-USDC 0.0001 1 0.0001
STC-USDT 0.0001 0.1 0.001
ETH-DAI 0.000001 0.001 0.01
DEP-USDT 0.000001 100 0.00001
HEGIC-USDT 0.000001 10 0.00001
TRUE-BTC 0.001 10 0.00000001
MASK-USDC 0.0001 0.1 0.001
UNI-BTC 0.00001 0.1 0.0000001
LUNA-BTC 0.0001 1 0.0000001
OKT-USDT 0.000001 0.01 0.01
PERP-USDC 0.0001 0.1 0.001
XCH-USDC 0.0001 0.01 0.01
INT-USDT 0.000001 100 0.00001
OKB-BTC 0.0001 0.1 0.0000001
IMX-USDT 0.000001 1 0.001
NEAR-USDC 0.0001 0.1 0.001
BCH-USDT 0.000001 0.001 0.01
BTM-BTC 0.001 10 0.000000001
GALA-USDT 0.000001 10 0.00001
NMR-USDC 0.000001 0.01 0.01
KSM-USDT 0.000001 0.01 0.01
API3-USDC 0.0001 0.1 0.001
HC-USDT 0.000001 1 0.0001
CEL-USDC 0.0001 0.1 0.0001
CHZ-USDT 0.000001 1 0.00001
XNO-USDT 0.0001 1 0.001
AAVE-USDT 0.000001 0.01 0.01
FLOW-USDC 0.0001 0.1 0.001
KSM-USDC 0.0001 0.01 0.01
NAS-USDT 0.000001 1 0.0001
CTC-BTC 0.0001 0.1 0.00000001
CRV-ETH 0.0001 1 0.000001
AZY-USDT 0.0001 10 0.00001
DASH-USDC 0.0001 0.01 0.01
APE-BTC 0.0001 1 0.0000001
ANT-USDT 0.000001 0.1 0.001
GARI-USDC 0.0001 1 0.0001
ZRX-BTC 0.001 1 0.00000001
CEEK-USDC 0.0001 10 0.00001
OM-ETH 0.0001 10 0.0000001
ADA-BTC 1 1 0.00000001
BAT-USDC 0.0001 1 0.0001
GMT-USDT 0.0001 1 0.0001
ETC-USDC 0.0001 0.1 0.001
CELT-USDC 0.01 100 0.000001
GODS-USDC 0.0001 1 0.0001
CELO-BTC 0.0001 1 0.0000001
MATIC-BTC 0.0001 1 0.00000001
GMX-USDC 0.0001 0.1 0.01
PEOPLE-BTC 0.01 100 0.0000000001
IOST-ETH 0.01 10 0.00000001
SRM-USDT 0.000001 0.1 0.001
SUSHI-USDT 0.000001 0.1 0.001
DOME-USDC 0.01 10 0.00001
ETC-OKB 0.00001 0.1 0.001
STARL-USDT 1 100000 0.000000001
EGLD-USDT 0.000001 0.01 0.01
SOC-USDT 0.000001 100 0.000001
WAVES-BTC 1 1 0.000001
DOGE-USDT 0.000001 10 0.00001
ETHW-USDC 0.0001 0.1 0.001
NEAR-BTC 1 1 0.00000001
NMR-USDT 0.000001 0.01 0.01
ZEN-BTC 0.00001 0.01 0.000001
ZIL-USDC 0.0001 10 0.00001
ADA-USDC 0.0001 1 0.00001
BTG-BTC 0.00001 0.01 0.000001
ANT-BTC 0.0001 0.1 0.0000001
FLM-USDT 0.000001 1 0.0001
CRO-BTC 0.0001 10 0.00000001
INT-ETH 0.01 100 0.00000001
XLM-BTC 0.001 1 0.00000001
RSR-USDT 0.000001 10 0.00001
EOS-USDT 0.000001 0.1 0.0001
BLUR-USDT 0.0001 10 0.0001
FTM-USDT 0.000001 1 0.0001
ADA-ETH 1 1 0.000001
AZY-USDC 0.0001 10 0.00001
KISHU-USDC 1 100000000 0.000000000001
GFT-USDT 0.0001 10 0.0001
FIL-USDT 0.000001 0.01 0.001
TAMA-USDC 0.01 100 0.000001
FITFI-USDT 0.0001 1 0.0001
SOL-USDC 0.000001 0.01 0.001
ELT-USDT 0.0001 10 0.000001
APE-USDT 0.000001 1 0.0001
MOF-USDC 1 1000 0.0000001
ETH-USDC 0.000001 0.001 0.01
NYM-USDT 0.0001 1 0.0001
ANC-USDT 0.000001 0.1 0.0001
DGB-BTC 0.01 10 0.000000001
SNT-BTC 0.01 10 0.000000001
IMX-USDC 0.0001 1 0.001
TRX-BTC 0.01 10 0.000000001
CELO-USDC 0.0001 1 0.001
NULS-BTC 0.0001 1 0.00000001
MANA-ETH 0.01 1 0.0000001
LTC-OKB 0.000001 0.01 0.01
CEL-BTC 0.0001 1 0.00000001
SAND-USDC 0.0001 1 0.0001
STX-USDC 0.0001 1 0.0001
ONT-BTC 0.001 1 0.0000001
PHA-USDT 0.000001 1 0.0001
SRM-USDC 0.0001 0.1 0.001
ATOM-BTC 0.0001 0.1 0.0000001
IOST-BTC 0.01 10 0.000000001
FLOKI-USDT 1 100000 0.000000001
WXT-USDT 0.000001 100 0.00001
ELF-USDT 0.000001 10 0.0001
BCH-BTC 0.0001 0.001 0.00001
DOT-BTC 0.0001 0.1 0.0000001
XRP-OKB 0.000001 1 0.0001
MINA-USDT 0.000001 1 0.001
SLP-USDT 0.000001 10 0.00001
XTZ-USDT 0.000001 0.1 0.001
FTM-USDC 0.0001 1 0.0001
YFI-BTC 0.0001 0.0001 0.001
STORJ-USDT 0.000001 1 0.0001
SOC-USDC 0.0001 100 0.000001
SUSHI-USDC 0.0001 0.1 0.001
LUNC-BTC 1 10000 0.00000000001
XMR-USDC 0.000001 0.01 0.01
DOT-ETH 0.0001 0.1 0.000001
CELO-USDT 0.000001 1 0.001
INT-BTC 0.01 100 0.000000001
QTUM-USDT 0.000001 0.1 0.001
UNI-ETH 0.00001 0.1 0.000001
AGLD-USDT 0.000001 1 0.0001
CVC-USDT 0.000001 1 0.0001
ZEC-USDT 0.000001 0.01 0.01
MRST-USDT 0.0001 10 0.00001
XCH-BTC 0.0001 0.01 0.000001
DGB-USDT 0.000001 10 0.00001
AAVE-ETH 0.0001 0.01 0.0001
NFT-USDC 1 1000000 0.0000000001
ZEC-ETH 0.000001 0.01 0.0001
BTG-USDT 0.000001 0.01 0.01
LOOKS-USDT 0.000001 1 0.0001
ZIL-USDT 0.000001 10 0.00001
APE-USDC 0.0001 1 0.0001
STARL-USDC 1 100000 0.000000001
API3-ETH 0.000001 0.1 0.000001
ETH-USDT 0.000001 0.001 0.01
LINK-ETH 0.001 0.1 0.00001
BABYDOGE-USDC 1 1000000000 0.000000000001
ATOM-USDT 0.000001 0.1 0.001
HBAR-BTC 0.0001 10 0.00000001
MANA-USDT 0.000001 1 0.0001
AVAX-USDT 0.000001 0.01 0.01
OKT-ETH 0.0001 0.01 0.00001
WAVES-USDT 0.00000001 0.1 0.001
SUSHI-ETH 0.0001 0.1 0.000001
GFT-USDC 0.0001 10 0.0001
CQT-USDT 0.000001 1 0.0001
JST-USDT 0.000001 10 0.00001
AAVE-BTC 0.0001 0.01 0.000001
ETC-ETH 0.00001 0.1 0.00001
DASH-BTC 0.000001 0.01 0.000001
FITFI-USDC 0.0001 1 0.0001
LRC-BTC 0.001 1 0.00000001
BNT-USDT 0.000001 0.1 0.0001
WBTC-USDT 0.000001 0.00001 0.1
COMP-USDC 0.000001 0.001 0.01
IOTA-USDT 0.000001 1 0.0001
SHIB-USDT 1 50000 0.00000001
USDC-USDT 0.000001 1 0.0001
CEL-USDT 0.000001 0.1 0.0001
ALPHA-BTC 1 1 0.00000001
NEO-ETH 0.00001 0.01 0.00001
SC-USDT 0.000001 100 0.000001
ATOM-USDC 0.0001 0.1 0.001
XRP-USDC 0.0001 1 0.00001
GRT-USDC 0.0001 1 0.0001
GODS-USDT 0.000001 1 0.0001
LTC-USDC 0.000001 0.01 0.01
TON-USDC 0.0001 1 0.001
ICP-BTC 0.0001 0.01 0.000001
ENS-BTC 0.0001 0.1 0.0000001
TRX-USDC 0.0001 10 0.00001
XLM-ETH 0.001 1 0.0000001
THETA-BTC 0.01 0.1 0.0000001
GAS-BTC 0.00001 0.1 0.0000001
DYDX-USDC 0.0001 0.1 0.001
GLMR-USDT 0.000001 1 0.0001
SOL-BTC 0.0001 0.01 0.0000001
REN-BTC 0.0001 1 0.00000001
BABYDOGE-USDT 1 1000000000 0.000000000001
CRV-USDT 0.000001 1 0.001
ETHW-BTC 0.0001 1 0.0000001
ENS-USDT 0.000001 0.1 0.01
XMR-ETH 0.000001 0.01 0.00001
USTC-USDC 0.01 100 0.00001
CHZ-USDC 0.0001 1 0.00001
IOST-USDT 0.000001 10 0.00001
HBAR-USDC 0.0001 10 0.0001
SOS-USDC 1 1000000 0.000000001
FLM-USDC 0.0001 1 0.0001
GLMR-USDC 0.0001 1 0.0001
XLM-USDT 0.000001 1 0.00001
ANT-USDC 0.0001 0.1 0.001
XCH-USDT 0.000001 0.01 0.01
EOS-USDC 0.0001 0.1 0.0001
XEM-USDT 0.000001 10 0.0001
DCR-USDT 0.00000001 0.01 0.01
VSYS-USDT 0.000001 10 0.000001
MITH-BTC 0.001 10 0.000000001
CSPR-USDC 0.0001 1 0.00001
ENJ-USDT 0.000001 1 0.0001
ZEN-USDT 0.000001 0.01 0.01
CTC-USDT 0.000001 0.1 0.001
SC-BTC 1 100 0.000000001
ADA-USDT 0.0001 1 0.00001
HBAR-USDT 0.000001 10 0.0001
FLR-USDC 0.01 100 0.00001
GALFT-USDC 0.0001 1 0.001
KSM-ETH 0.0001 0.01 0.0001
WBTC-ETH 0.0001 0.0001 0.01
ASTR-USDT 0.000001 1 0.0001
GEAR-USDT 0.01 100 0.00001
HNT-USDC 0.0001 1 0.0001
SHIB-BTC 1 50000 0.000000000001
BTM-USDT 0.000001 10 0.00001
NULS-USDT 0.000001 1 0.0001
ETC-USDT 0.000001 0.1 0.001
APT-USDC 0.0001 1 0.0001
GMT-USDC 0.0001 1 0.0001
PEOPLE-USDT 0.000001 10 0.00001
KISHU-USDT 1 100000000 0.000000000001
SNT-USDT 0.000001 10 0.00001
ZIL-BTC 0.001 10 0.000000001
EURT-USDT 0.0001 1 0.0001
CVC-BTC 0.001 1 0.00000001
BNB-USDC 0.000001 0.01 0.01
ETHW-USDT 0.0001 0.1 0.001
GRT-USDT 0.000001 1 0.0001
ELT-USDC 0.01 10 0.000001
OKT-BTC 0.0001 0.01 0.000001
LOOKS-USDC 0.0001 1 0.0001
GAS-USDT 0.000001 0.1 0.001
WXT-BTC 1 100 0.000000001
MKR-BTC 0.000001 0.001 0.0001
CELT-BTC 0.0001 10 0.00000001
NEO-USDT 0.000001 0.01 0.001
SNX-ETH 0.0001 0.1 0.00001
OKT-USDC 0.000001 0.01 0.01
FLOW-BTC 0.0001 0.1 0.0000001
MRST-USDC 0.0001 10 0.00001
DOGE-ETH 0.0001 1 0.0000001
ALGO-USDC 0.0001 1 0.0001
BICO-USDC 0.0001 1 0.001
IOTA-BTC 0.001 1 0.0000001
SKEB-USDT 0.01 500 0.0000001
MKR-USDT 0.00000001 0.001 0.1
STORJ-USDC 0.0001 1 0.0001
OKB-USDC 0.0001 0.1 0.001
VRA-USDC 0.01 100 0.00001
GARI-USDT 0.000001 1 0.0001
BAT-USDT 0.000001 1 0.0001
MXC-USDC 0.0001 10 0.00001
KNC-BTC 0.001 1 0.0000001
SLP-USDC 0.0001 10 0.00001
SAITAMA-USDC 0.01 1000 0.000001
FLOKI-USDC 1 100000 0.000000001
FLR-USDT 0.01 100 0.00001
BTC-USDC 0.00000001 0.00001 0.1
BAT-BTC 0.0001 1 0.00000001
ALGO-BTC 0.0001 1 0.0000001
SAITAMA-USDT 0.01 1000 0.000001
AR-USDT 0.000001 0.1 0.01
GMX-USDT 0.0001 0.1 0.01
NFT-USDT 1 1000000 0.0000000001
AXS-USDT 0.000001 0.01 0.01
GHST-USDT 0.000001 1 0.001
EOS-ETH 0.0001 0.1 0.000001
FIL-ETH 0.00000001 0.01 0.0001
CRV-BTC 0.0001 1 0.0000001
NEAR-USDT 0.00000001 0.5 0.001
OM-USDT 0.000001 10 0.0001
GALFT-USDT 0.0001 1 0.001
CHZ-BTC 1 1 0.000000001
USTC-USDT 0.0001 100 0.00001
BADGER-BTC 1 1 0.0000001
VSYS-BTC 1 10 0.0000000001
XMR-USDT 0.000001 0.01 0.01
BCD-USDT 0.000001 1 0.0001
STC-USDC 0.0001 0.1 0.001
SWFTC-BTC 0.1 100 0.0000000001
OP-USDC 0.0001 1 0.0001
BICO-USDT 0.000001 1 0.001
ALPHA-USDT 0.000001 1 0.0001
CSPR-USDT 0.000001 1 0.00001
REN-USDT 0.000001 1 0.0001
YFII-USDC 0.000001 0.001 0.1
CSPR-BTC 0.01 100 0.000000001
XTZ-BTC 0.0001 0.1 0.00000001
DOGE-BTC 0.001 1 0.00000001
FLOW-ETH 0.0001 0.1 0.00001
YOU-BTC 1 100 0.0000000001
CRO-USDC 0.0001 10 0.0001
MOF-USDT 0.001 1000 0.0000001
SOL-USDT 0.000001 0.01 0.001
RACA-USDC 1 1000 0.0000001
ASTR-USDC 0.0001 1 0.0001
PHA-BTC 0.01 10 0.000000001
UNI-USDT 0.000001 0.1 0.001
LUNC-USDT 1 10000 0.00000001
OAS-USDC 0.01 100 0.000001
TON-USDT 0.0001 1 0.001
FLOW-USDT 0.000001 0.1 0.001
DAI-USDT 0.000001 1 0.0001
QTUM-BTC 0.00001 0.1 0.0000001
OP-USDT 0.0001 1 0.0001
CQT-BTC 1 1 0.00000001
MKR-ETH 0.000001 0.001 0.001
GALA-USDC 0.0001 10 0.00001
XRP-BTC 0.001 1 0.00000001
BNB-USDT 0.000001 0.01 0.01
ICX-BTC 0.0001 1 0.0000001
VRA-USDT 0.000001 100 0.00001
MASK-USDT 0.000001 0.1 0.001
ICX-USDT 0.000001 1 0.0001
SNX-USDC 0.0001 0.1 0.001
MKR-USDC 0.000001 0.001 0.1
ICP-USDT 0.000001 0.01 0.01
OAS-USDT 0.01 100 0.000001
ENS-USDC 0.0001 0.1 0.01
MOVEZ-USDT 0.01 100 0.00001
KCAL-USDT 0.0001 1 0.0001
GAS-ETH 0.00001 0.1 0.00001
ETH-EURT 0.000001 0.001 0.01
LUNA-USDT 0.0001 1 0.0001
BCH-USDC 0.0001 0.001 0.01
YOU-USDT 0.000001 100 0.000001
1INCH-USDC 0.0001 0.1 0.0001
THETA-USDT 0.000001 0.1 0.001
LTC-BTC 0.000001 0.01 0.000001
KNC-USDT 0.000001 1 0.0001
FIL-BTC 1 1 0.000001
OMG-BTC 0.0001 0.1 0.0000001
GRT-BTC 1 1 0.00000001
TRB-USDT 0.000001 0.01 0.01
XTZ-USDC 0.0001 0.1 0.001
LRC-USDT 0.000001 1 0.0001
ONT-USDT 0.000001 1 0.0001
KLAY-USDC 0.0001 1 0.0001
RVN-BTC 1 10 0.000000001
NEO-BTC 0.00001 0.01 0.000001
IOST-USDC 0.01 10 0.00001
XEM-BTC 0.001 10 0.00000001
AR-USDC 0.0001 0.1 0.001
ETH-USDK 0.000001 0.001 0.01
HC-BTC 0.0001 1 0.00000001
LUNC-USDC 1 10000 0.00000001
LSK-USDT 0.00000001 0.1 0.001
NULS-ETH 0.0001 1 0.000001
DYDX-BTC 0.0001 1 0.00000001
PERP-USDT 0.000001 0.1 0.001
API3-USDT 0.000001 0.1 0.001
KSM-BTC 0.0001 0.01 0.00001
BTC-DAI 0.00000001 0.00001 0.1
CELT-USDT 0.000001 10 0.000001
LTC-ETH 0.000001 0.01 0.0001
CRV-USDC 0.0001 1 0.001
MOVEZ-USDC 0.01 100 0.00001
USDT-USDK 0.0001 0.1 0.0001
AVAX-BTC 0.0001 0.01 0.0000001
TRX-USDT 0.000001 10 0.00001
BLUR-USDC 0.0001 10 0.0001
RSR-USDC 0.01 10 0.00001
HNT-USDT 0.0001 1 0.0001
AVAX-USDC 0.000001 0.01 0.01
PST-USDT 0.000001 10 0.00001
CEEK-USDT 0.0001 10 0.00001
YFI-USDC 0.000001 0.0001 1
RACA-USDT 0.001 1000 0.0000001
AVAX-ETH 0.0001 0.01 0.00001
XMR-BTC 0.000001 0.01 0.000001
EOS-BTC 0.0001 0.1 0.0000001
DASH-USDT 0.000001 0.01 0.01
LINK-BTC 0.001 0.1 0.000001
LINK-USDT 0.000001 0.1 0.001
LINK-USDC 0.0001 0.1 0.001
SWFTC-ETH 0.1 100 0.000000001
DEP-USDC 0.0001 100 0.00001
THETA-USDC 0.0001 0.1 0.001
BSV-USDC 0.0001 0.01 0.01
TAMA-BTC 0.01 100 0.000000001
USDT-USDC 0.0001 1 0.0001
EGLD-USDC 0.000001 0.01 0.01
SKEB-USDC 0.01 500 0.0000001
ZEC-BTC 0.000001 0.01 0.000001
WAVES-USDC 0.0001 0.1 0.001
CORE-USDC 0.01 1 0.00001
XLM-USDC 0.0001 1 0.00001
BCD-BTC 0.0001 1 0.00000001
BETH-ETH 0.000001 0.001 0.0001
DOME-USDT 0.000001 100 0.00001
ETH-BTC 0.000001 0.001 0.00001
AXS-USDC 0.000001 0.01 0.01
LUNA-USDC 0.0001 1 0.0001
1INCH-USDT 0.000001 0.1 0.0001
SHIB-USDC 1 50000 0.00000001
EGLD-BTC 0.0001 0.01 0.000001
ENJ-BTC 1 1 0.00000001
BNT-BTC 0.0001 0.1 0.0000001
ELF-BTC 0.001 10 0.00000001
BADGER-USDT 0.000001 0.01 0.001
COMP-USDT 0.000001 0.001 0.01
RVN-USDT 0.000001 10 0.00001
LSK-BTC 1 1 0.0000001
ALGO-USDT 0.000001 1 0.0001
RSR-BTC 1 10 0.000000001
DOT-USDC 0.000001 0.1 0.001
APT-USDT 0.0001 1 0.0001
DOT-USDT 0.000001 0.1 0.001
MATIC-USDT 0.000001 1 0.0001
XRP-ETH 0.001 1 0.000001
UNI-USDC 0.0001 0.1 0.001
OKB-USDT 0.000001 0.1 0.001
GHST-ETH 0.0001 1 0.000001
KLAY-USDT 0.000001 1 0.0001
LRC-USDC 0.0001 1 0.0001
ICP-USDC 0.0001 0.01 0.01
XRP-USDT 0.000001 1 0.00001
SNX-USDT 0.000001 0.1 0.001
BSV-BTC 0.0001 0.01 0.000001
MANA-BTC 0.01 1 0.00000001
CRO-USDT 0.000001 10 0.0001
STX-USDT 0.000001 1 0.0001
DCR-BTC 0.0001 0.01 0.00001
SRM-BTC 0.0001 0.1 0.00000001
AGLD-USDC 0.0001 1 0.0001
MXC-USDT 0.000001 100 0.00001
OKB-ETH 0.0001 0.1 0.000001
