RUNEBTC 0.10000000 0.00010000 0.00000010
ADARUB 0.10000000 100.00000000 0.01000000
IMXBTC 0.01000000 0.00010000 0.00000001
FISUSDT 1.00000000 10.00000000 0.00010000
BATETH 1.00000000 0.00500000 0.00000010
OGNBTC 1.00000000 0.00010000 0.00000001
ALGOUSDT 1.00000000 10.00000000 0.00010000
OPBNB 0.10000000 0.05000000 0.00000100
GRTTRY 1.00000000 10.00000000 0.00100000
LINKAUD 0.01000000 10.00000000 0.00100000
AVAXBRL 0.01000000 10.00000000 0.10000000
IOTABNB 1.00000000 0.05000000 0.00000100
ILVBTC 0.00100000 0.00010000 0.00000100
JASMYBTC 0.10000000 0.00010000 0.00000001
OMUSDT 1.00000000 10.00000000 0.00010000
ICPBNB 0.01000000 0.05000000 0.00001000
PEOPLEBUSD 0.10000000 10.00000000 0.00001000
BTCTRY 0.00001000 10.00000000 1.00000000
SOLUSDT 0.01000000 10.00000000 0.01000000
BNBGBP 0.00100000 10.00000000 0.10000000
EOSBNB 0.10000000 0.05000000 0.00001000
CVXBUSD 0.00100000 10.00000000 0.00100000
DOTEUR 0.01000000 10.00000000 0.00100000
PSGBUSD 0.01000000 10.00000000 0.01000000
ANKRUSDT 0.10000000 10.00000000 0.00001000
SNTETH 1.00000000 0.00500000 0.00000001
ETHUAH 0.00010000 100.00000000 1.00000000
MCBNB 0.01000000 0.05000000 0.00000100
OMGETH 0.10000000 0.00500000 0.00000100
BADGERUSDT 0.01000000 10.00000000 0.00100000
AMBBUSD 1.00000000 10.00000000 0.00001000
GRTUSDT 1.00000000 10.00000000 0.00010000
FORBTC 1.00000000 0.00010000 0.00000001
IDEXUSDT 0.10000000 10.00000000 0.00001000
FTMETH 0.10000000 0.00500000 0.00000010
IMXUSDT 0.01000000 10.00000000 0.00100000
ARPATRY 1.00000000 10.00000000 0.00010000
GMXUSDT 0.00100000 10.00000000 0.01000000
AUCTIONBTC 0.01000000 0.00010000 0.00000010
PORTOTRY 0.01000000 10.00000000 0.01000000
APEETH 0.00100000 0.00500000 0.00000100
DOCKUSDT 1.00000000 10.00000000 0.00001000
TFUELBTC 1.00000000 0.00010000 0.00000001
GLMBTC 1.00000000 0.00010000 0.00000001
GALUSDT 0.00100000 10.00000000 0.00100000
LINKBUSD 0.01000000 5.00000000 0.00100000
CHZBRL 1.00000000 10.00000000 0.00100000
OPUSDT 0.01000000 10.00000000 0.00100000
LTCGBP 0.00100000 10.00000000 0.01000000
APTETH 0.01000000 0.00500000 0.00000100
RUNEGBP 0.10000000 10.00000000 0.00100000
NEBLUSDT 0.10000000 10.00000000 0.00100000
DATAUSDT 0.10000000 10.00000000 0.00001000
API3BTC 0.01000000 0.00010000 0.00000001
GRTBTC 1.00000000 0.00010000 0.00000001
GRTBUSD 1.00000000 10.00000000 0.00010000
MKRUSDT 0.00010000 10.00000000 1.00000000
ONTUSDT 1.00000000 10.00000000 0.00010000
FISBRL 0.10000000 10.00000000 0.00100000
ACAUSDT 0.01000000 10.00000000 0.00010000
CHRBUSD 1.00000000 10.00000000 0.00010000
ZRXBTC 1.00000000 0.00010000 0.00000001
ETHAUD 0.00010000 10.00000000 0.01000000
MBOXUSDT 0.10000000 10.00000000 0.00100000
ZILETH 1.00000000 0.00500000 0.00000001
VETUSDT 0.10000000 10.00000000 0.00001000
HFTUSDT 0.10000000 10.00000000 0.00010000
XLMUSDT 1.00000000 10.00000000 0.00010000
SANTOSBTC 0.01000000 0.00010000 0.00000001
TRXBNB 1.00000000 0.05000000 0.00000010
DARBUSD 1.00000000 10.00000000 0.00001000
BCHBNB 0.00100000 0.05000000 0.00100000
ZENETH 0.01000000 0.00500000 0.00001000
ACABTC 0.01000000 0.00010000 0.00000001
BUSDRUB 1.00000000 100.00000000 0.01000000
CTKBUSD 0.10000000 10.00000000 0.00100000
YFIBTC 0.00001000 0.00010000 0.00010000
VIBETH 1.00000000 0.00500000 0.00000001
DGBBTC 1.00000000 0.00010000 0.00000001
DGBUSDT 0.10000000 10.00000000 0.00001000
JOEUSDT 0.01000000 10.00000000 0.00010000
ILVUSDT 0.00100000 10.00000000 0.01000000
ZILBTC 1.00000000 0.00010000 0.00000001
ANKRTRY 1.00000000 10.00000000 0.00010000
THETAETH 0.10000000 0.00500000 0.00000100
LRCBUSD 1.00000000 10.00000000 0.00010000
SANDBUSD 1.00000000 10.00000000 0.00010000
DOGEGBP 1.00000000 10.00000000 0.00001000
MOBBTC 0.01000000 0.00010000 0.00000001
PEOPLEETH 1.00000000 0.00500000 0.00000001
RENBUSD 1.00000000 10.00000000 0.00000100
MOVRBTC 0.00100000 0.00010000 0.00000010
BTCZAR 0.00001000 200.00000000 1.00000000
FILBUSD 0.01000000 10.00000000 0.00100000
STEEMETH 1.00000000 0.00500000 0.00000010
KDABUSD 0.01000000 10.00000000 0.00100000
BNBBTC 0.00100000 0.00010000 0.00000100
MDTBTC 1.00000000 0.00010000 0.00000001
SYSBTC 1.00000000 0.00010000 0.00000001
CHZEUR 1.00000000 10.00000000 0.00010000
THETAEUR 0.10000000 10.00000000 0.00100000
BLZBUSD 1.00000000 10.00000000 0.00010000
MCUSDT 0.01000000 10.00000000 0.00100000
DOTETH 0.01000000 0.00500000 0.00000100
NMRUSDT 0.01000000 10.00000000 0.01000000
SSVUSDT 0.00100000 10.00000000 0.01000000
SYNUSDT 0.10000000 10.00000000 0.00010000
DOTAUD 0.01000000 10.00000000 0.00100000
ETHRUB 0.00010000 100.00000000 0.10000000
APEBUSD 0.01000000 10.00000000 0.00100000
LTOBTC 1.00000000 0.00010000 0.00000001
AUCTIONBUSD 0.01000000 10.00000000 0.01000000
NKNBTC 1.00000000 0.00010000 0.00000001
LINABTC 1.00000000 0.00010000 0.00000001
FIDABUSD 0.10000000 10.00000000 0.00010000
HIGHUSDT 0.00100000 10.00000000 0.00100000
BATBTC 1.00000000 0.00010000 0.00000001
SKLBUSD 1.00000000 10.00000000 0.00001000
WRXBUSD 0.10000000 10.00000000 0.00010000
ORNBUSD 0.10000000 10.00000000 0.00100000
HARDBTC 1.00000000 0.00010000 0.00000001
APETRY 0.00100000 10.00000000 0.10000000
OMGBTC 0.10000000 0.00010000 0.00000010
ADAEUR 0.10000000 10.00000000 0.00010000
FORTHBTC 0.01000000 0.00010000 0.00000010
ZILBIDR 1.00000000 20000.00 1.00
DOCKBTC 1.00000000 0.00010000 0.00000001
RENBTC 1.00000000 0.00010000 0.00000001
SOLBNB 0.01000000 0.05000000 0.00010000
MBOXBUSD 0.10000000 10.00000000 0.00100000
MAGICBTC 0.10000000 0.00010000 0.00000001
LINKETH 0.01000000 0.00500000 0.00000100
IOSTBTC 1.00000000 0.00010000 0.00000001
COMPUSDT 0.00100000 10.00000000 0.01000000
MOBBUSD 0.01000000 10.00000000 0.00100000
AVAXBTC 0.01000000 0.00010000 0.00000010
CFXUSDT 1.00000000 10.00000000 0.00010000
DOGEAUD 1.00000000 10.00000000 0.00001000
DOGEEUR 1.00000000 10.00000000 0.00001000
WAVESUSDT 0.01000000 10.00000000 0.00100000
WOOBTC 0.10000000 0.00010000 0.00000001
JSTUSDT 0.10000000 10.00000000 0.00001000
IOTXETH 1.00000000 0.00500000 0.00000001
HBARBNB 1.00000000 0.05000000 0.00000010
LSKBTC 0.10000000 0.00010000 0.00000001
KAVABUSD 0.10000000 10.00000000 0.00100000
CVXUSDT 0.00100000 10.00000000 0.00100000
MOVRBUSD 0.00100000 10.00000000 0.01000000
ARPAUSDT 0.10000000 10.00000000 0.00001000
BELBNB 0.10000000 0.05000000 0.00000100
1INCHBUSD 0.10000000 10.00000000 0.00100000
QUICKBUSD 0.00100000 10.00000000 0.10000000
CRVBTC 0.10000000 0.00010000 0.00000001
ATABUSD 1.00000000 10.00000000 0.00010000
WOOBUSD 0.10000000 10.00000000 0.00010000
BALUSDT 0.01000000 10.00000000 0.00100000
OPBUSD 0.01000000 10.00000000 0.00100000
FLOWBTC 0.01000000 0.00010000 0.00000001
MANABRL 0.10000000 10.00000000 0.00100000
NMRBTC 0.01000000 0.00010000 0.00000100
AUDIOUSDT 0.10000000 10.00000000 0.00010000
PHBBTC 0.10000000 0.00010000 0.00000001
BNBUSDT 0.00100000 10.00000000 0.10000000
NEOBNB 0.01000000 0.05000000 0.00010000
SFPBUSD 1.00000000 10.00000000 0.00010000
XRPTRY 1.00000000 10.00000000 0.00100000
DARTRY 0.01000000 10.00000000 0.01000000
MAGICUSDT 0.10000000 10.00000000 0.00010000
ATOMUSDT 0.01000000 5.00000000 0.00100000
FORTHBUSD 0.01000000 10.00000000 0.01000000
SANTOSBUSD 0.01000000 10.00000000 0.00100000
SUPERUSDT 1.00000000 10.00000000 0.00010000
HBARBTC 1.00000000 0.00010000 0.00000001
CTSIUSDT 1.00000000 10.00000000 0.00010000
YGGBTC 0.10000000 0.00010000 0.00000001
DOTTRY 0.01000000 10.00000000 0.10000000
FILTRY 0.00100000 10.00000000 0.01000000
PEOPLEUSDT 0.10000000 10.00000000 0.00001000
ADABNB 0.10000000 0.05000000 0.00000100
WAXPBTC 1.00000000 0.00010000 0.00000001
FTMBNB 1.00000000 0.05000000 0.00000010
SKLBTC 1.00000000 0.00010000 0.00000001
DCRBTC 0.00100000 0.00010000 0.00000100
STRAXBTC 0.10000000 0.00010000 0.00000001
KLAYBUSD 0.10000000 10.00000000 0.00010000
BTCGBP 0.00001000 10.00000000 0.01000000
BANDBTC 0.10000000 0.00010000 0.00000010
QKCBUSD 1.00000000 10.00000000 0.00000100
ADABRL 0.10000000 10.00000000 0.00100000
PLABTC 0.01000000 0.00010000 0.00000001
WAXPBNB 1.00000000 0.05000000 0.00000010
CAKEUSDT 0.01000000 10.00000000 0.00100000
FTMTRY 0.01000000 10.00000000 0.00100000
POLSUSDT 0.10000000 10.00000000 0.00100000
HIVEBUSD 1.00000000 10.00000000 0.00010000
SUPERBUSD 1.00000000 10.00000000 0.00010000
MATICUSDT 0.10000000 10.00000000 0.00010000
ICPBTC 0.01000000 0.00010000 0.00000010
ATOMBTC 0.01000000 0.00010000 0.00000010
ACHBUSD 1.00000000 10.00000000 0.00001000
AXSBNB 0.01000000 0.05000000 0.00001000
CTXCBTC 1.00000000 0.00010000 0.00000001
NMRBUSD 0.01000000 10.00000000 0.01000000
ADXUSDT 1.00000000 10.00000000 0.00010000
TRXETH 1.00000000 0.00500000 0.00000001
ADAGBP 0.10000000 10.00000000 0.00010000
QTUMUSDT 0.10000000 10.00000000 0.00100000
ONEUSDT 0.10000000 10.00000000 0.00001000
QNTBNB 0.00100000 0.05000000 0.00010000
AUTOBTC 0.00100000 0.00010000 0.00001000
FTMEUR 1.00000000 10.00000000 0.00010000
LOKABNB 0.10000000 0.05000000 0.00000010
AMBUSDT 1.00000000 10.00000000 0.00001000
VETEUR 0.01000000 10.00000000 0.00001000
TRXBTC 1.00000000 0.00010000 0.00000001
AXSBUSD 0.01000000 10.00000000 0.01000000
MATICBUSD 0.10000000 10.00000000 0.00010000
TRBUSDT 0.01000000 10.00000000 0.01000000
IOTXBUSD 1.00000000 10.00000000 0.00001000
GMXBUSD 0.00100000 10.00000000 0.01000000
NEARBNB 0.10000000 0.05000000 0.00000100
USDTTRY 1.00000000 10.00000000 0.01000000
AAVEBUSD 0.00100000 10.00000000 0.10000000
SNXUSDT 0.10000000 10.00000000 0.00100000
EGLDBTC 0.01000000 0.00010000 0.00000100
ROSEBTC 1.00000000 0.00010000 0.00000001
STEEMUSDT 0.10000000 10.00000000 0.00010000
BETABUSD 1.00000000 10.00000000 0.00001000
AUDIOTRY 0.01000000 10.00000000 0.00100000
RPLUSDT 0.01000000 10.00000000 0.01000000
MOBUSDT 0.01000000 10.00000000 0.00100000
QUICKBTC 0.00100000 0.00010000 0.00000100
LINKEUR 0.01000000 10.00000000 0.00100000
ORNBTC 0.10000000 0.00010000 0.00000010
CELOUSDT 0.10000000 10.00000000 0.00100000
KAVABTC 0.10000000 0.00010000 0.00000001
BATBUSD 1.00000000 10.00000000 0.00010000
AGLDBUSD 0.10000000 10.00000000 0.00100000
VOXELBNB 0.10000000 0.05000000 0.00000010
JASMYBUSD 0.10000000 10.00000000 0.00000100
XLMBTC 1.00000000 0.00010000 0.00000001
OMGUSDT 0.10000000 10.00000000 0.00100000
ALGOBTC 1.00000000 0.00010000 0.00000001
XNOBTC 0.01000000 0.00010000 0.00000001
IOTABTC 1.00000000 0.00010000 0.00000001
PERPUSDT 0.01000000 10.00000000 0.00001000
XMRBNB 0.00100000 0.05000000 0.00010000
NEARBTC 0.10000000 0.00010000 0.00000001
ONTTRY 1.00000000 10.00000000 0.00100000
XRPAUD 1.00000000 10.00000000 0.00010000
ILVBUSD 0.00100000 10.00000000 0.01000000
KSMBUSD 0.00100000 10.00000000 0.01000000
DOGEBTC 1.00000000 0.00010000 0.00000001
ARDRBTC 1.00000000 0.00010000 0.00000001
GALAUSDT 1.00000000 10.00000000 0.00001000
RAREUSDT 0.10000000 10.00000000 0.00010000
BNBBUSD 0.00100000 10.00000000 0.10000000
ETCBTC 0.01000000 0.00010000 0.00000100
LOKAUSDT 0.10000000 10.00000000 0.00010000
FARMBUSD 0.00100000 10.00000000 0.10000000
ONEBUSD 0.10000000 10.00000000 0.00001000
VIBBUSD 1.00000000 10.00000000 0.00001000
AMPUSDT 1.00000000 10.00000000 0.00001000
STORJTRY 0.10000000 10.00000000 0.01000000
BUSDPLN 1.00000000 50.00000000 0.00100000
WRXBTC 0.10000000 0.00010000 0.00000001
ROSETRY 0.10000000 10.00000000 0.00100000
LINKBNB 0.00100000 0.05000000 0.00001000
FRONTUSDT 1.00000000 10.00000000 0.00010000
INJUSDT 0.10000000 10.00000000 0.00100000
DASHBNB 0.00100000 0.05000000 0.00010000
JSTBUSD 0.10000000 10.00000000 0.00001000
DOGEBUSD 1.00000000 10.00000000 0.00001000
CLVUSDT 0.10000000 10.00000000 0.00001000
ALPINEBTC 0.01000000 0.00010000 0.00000001
MATICGBP 0.10000000 10.00000000 0.00010000
WBTCBTC 0.00001000 0.00010000 0.00010000
OGNUSDT 1.00000000 10.00000000 0.00010000
AERGOBTC 1.00000000 0.00010000 0.00000001
NEARBUSD 0.10000000 10.00000000 0.00100000
CTXCBUSD 1.00000000 10.00000000 0.00010000
ATMBUSD 0.01000000 10.00000000 0.00100000
FIDAUSDT 0.10000000 10.00000000 0.00010000
PROMUSDT 0.01000000 10.00000000 0.01000000
INJBUSD 0.10000000 10.00000000 0.00100000
BARBTC 0.01000000 0.00010000 0.00000010
LITUSDT 0.10000000 10.00000000 0.00100000
COTIBNB 1.00000000 0.05000000 0.00000010
XTZBUSD 0.10000000 10.00000000 0.00100000
DYDXUSDT 0.01000000 10.00000000 0.00100000
GALTRY 0.00100000 10.00000000 0.10000000
STPTBUSD 0.10000000 10.00000000 0.00001000
SANDBNB 1.00000000 0.05000000 0.00000100
OCEANBTC 1.00000000 0.00010000 0.00000001
FTMBRL 0.10000000 10.00000000 0.00100000
POLYXBTC 0.10000000 0.00010000 0.00000001
UMABUSD 0.10000000 10.00000000 0.00100000
CITYUSDT 0.01000000 10.00000000 0.01000000
SYSBUSD 1.00000000 10.00000000 0.00010000
RADBNB 0.10000000 0.05000000 0.00001000
TRBBTC 0.01000000 0.00010000 0.00000100
MATICRUB 0.10000000 100.00000000 0.01000000
BETABNB 1.00000000 0.05000000 0.00000010
XTZBNB 0.10000000 0.05000000 0.00000100
PSGUSDT 0.01000000 10.00000000 0.01000000
AAVEBNB 0.00100000 0.05000000 0.00010000
DREPUSDT 1.00000000 10.00000000 0.00010000
MULTIBUSD 0.00100000 10.00000000 0.01000000
CFXBTC 1.00000000 0.00010000 0.00000001
DIABTC 0.10000000 0.00010000 0.00000001
DATABTC 1.00000000 0.00010000 0.00000001
FORTHUSDT 0.01000000 10.00000000 0.01000000
BUSDBRL 0.10000000 10.00000000 0.00100000
BICOUSDT 0.01000000 10.00000000 0.00100000
SCRTBTC 0.10000000 0.00010000 0.00000001
XNOUSDT 0.01000000 10.00000000 0.00100000
ATMUSDT 0.01000000 10.00000000 0.00100000
ADAAUD 0.10000000 10.00000000 0.00010000
MLNBTC 0.00100000 0.00010000 0.00000100
QTUMBUSD 0.10000000 10.00000000 0.00100000
TWTTRY 0.01000000 10.00000000 0.01000000
OGBTC 0.10000000 0.00010000 0.00000010
VETBNB 1.00000000 0.05000000 0.00000010
ICPBUSD 0.01000000 10.00000000 0.00100000
WRXUSDT 0.10000000 10.00000000 0.00010000
GMTGBP 0.10000000 10.00000000 0.00010000
GALBTC 0.00100000 0.00010000 0.00000001
XVSBTC 0.01000000 0.00010000 0.00000010
GLMBUSD 0.10000000 10.00000000 0.00010000
OSMOBTC 0.01000000 0.00010000 0.00000001
ADXBTC 1.00000000 0.00010000 0.00000001
WINGBTC 0.01000000 0.00010000 0.00000010
TWTUSDT 1.00000000 10.00000000 0.00010000
WAVESBNB 0.01000000 0.05000000 0.00001000
GALBUSD 0.00100000 10.00000000 0.00100000
ADATRY 0.10000000 10.00000000 0.01000000
GALAETH 1.00000000 0.00500000 0.00000001
ROSEBUSD 0.10000000 10.00000000 0.00001000
AUTOBUSD 0.00100000 10.00000000 0.10000000
BTCUSDT 0.00001000 10.00000000 0.01000000
UNFIBTC 0.10000000 0.00010000 0.00000010
BETAETH 0.10000000 0.00500000 0.00000010
ALPACAUSDT 0.10000000 10.00000000 0.00010000
FXSBTC 0.10000000 0.00010000 0.00000001
ZILBUSD 0.10000000 10.00000000 0.00001000
BTCPLN 0.00001000 50.00000000 1.00000000
FILETH 0.01000000 0.00500000 0.00000100
TWTBTC 1.00000000 0.00010000 0.00000001
ZECBUSD 0.00100000 10.00000000 0.10000000
GASBUSD 0.10000000 10.00000000 0.00100000
TRXEUR 1.00000000 10.00000000 0.00001000
CTSIBTC 1.00000000 0.00010000 0.00000001
XNOBUSD 0.01000000 10.00000000 0.00100000
BTCBRL 0.00001000 10.00000000 1.00000000
MLNBUSD 0.00100000 10.00000000 0.01000000
VETETH 1.00000000 0.00500000 0.00000001
API3TRY 0.01000000 10.00000000 0.01000000
RLCBTC 0.10000000 0.00010000 0.00000001
COTIUSDT 1.00000000 10.00000000 0.00010000
MKRBTC 0.00010000 0.00010000 0.00001000
SNMBUSD 1.00000000 10.00000000 0.00010000
VITEBUSD 0.10000000 10.00000000 0.00001000
IOTABUSD 1.00000000 10.00000000 0.00010000
XRPUSDT 1.00000000 10.00000000 0.00010000
MATICBIDR 0.10000000 20000.00 1.00
ONEBNB 1.00000000 0.05000000 0.00000010
BLZUSDT 1.00000000 10.00000000 0.00010000
SYSUSDT 1.00000000 10.00000000 0.00010000
PHAUSDT 1.00000000 10.00000000 0.00010000
THETABUSD 0.10000000 10.00000000 0.00100000
RUNEBUSD 0.10000000 10.00000000 0.00100000
IOTXBTC 1.00000000 0.00010000 0.00000001
CHESSBUSD 0.10000000 10.00000000 0.00010000
THETAUSDT 0.10000000 10.00000000 0.00100000
MANABTC 1.00000000 0.00010000 0.00000001
ACMBTC 0.10000000 0.00010000 0.00000010
SXPTRY 0.10000000 10.00000000 0.00100000
HOOKUSDT 0.10000000 10.00000000 0.00010000
HIGHBTC 0.00100000 0.00010000 0.00000001
SANTOSTRY 0.01000000 10.00000000 0.01000000
BALBUSD 0.01000000 10.00000000 0.00100000
STGBUSD 0.10000000 10.00000000 0.00010000
ADXBUSD 1.00000000 10.00000000 0.00010000
PORTOBTC 0.01000000 0.00010000 0.00000001
GNSBTC 0.01000000 0.00010000 0.00000010
LITBUSD 0.10000000 10.00000000 0.00100000
BNBDAI 0.00100000 10.00000000 0.10000000
EOSBUSD 0.10000000 10.00000000 0.00100000
EGLDUSDT 0.01000000 10.00000000 0.01000000
POLYXBUSD 0.10000000 10.00000000 0.00010000
BTCEUR 0.00001000 10.00000000 0.01000000
AUDBUSD 1.00000000 10.00000000 0.00010000
VETGBP 0.01000000 10.00000000 0.00001000
SNXETH 0.01000000 0.00500000 0.00000100
VETTRY 0.10000000 10.00000000 0.00010000
POLYXUSDT 0.10000000 10.00000000 0.00010000
GASUSDT 0.10000000 10.00000000 0.00100000
SOLEUR 0.01000000 10.00000000 0.01000000
PLABNB 0.01000000 0.05000000 0.00000010
LSKETH 0.10000000 0.00500000 0.00000100
ARBNB 0.01000000 0.05000000 0.00001000
FLOWBUSD 0.01000000 10.00000000 0.00100000
WAXPUSDT 1.00000000 10.00000000 0.00010000
MBOXBTC 0.10000000 0.00010000 0.00000001
SKLUSDT 1.00000000 10.00000000 0.00001000
TRBBUSD 0.01000000 10.00000000 0.01000000
STORJBTC 1.00000000 0.00010000 0.00000001
GRTEUR 1.00000000 10.00000000 0.00010000
GMTBTC 0.10000000 0.00010000 0.00000001
BELBUSD 0.10000000 10.00000000 0.00010000
AVAXEUR 0.01000000 10.00000000 0.01000000
ASTRUSDT 0.10000000 10.00000000 0.00010000
QTUMBTC 0.10000000 0.00010000 0.00000010
MANATRY 0.10000000 10.00000000 0.01000000
MANAETH 1.00000000 0.00500000 0.00000010
MDXBTC 0.10000000 0.00010000 0.00000001
AGLDBTC 0.10000000 0.00010000 0.00000001
MULTIBTC 0.00100000 0.00010000 0.00000010
XTZUSDT 0.10000000 10.00000000 0.00100000
XRPBRL 1.00000000 10.00000000 0.00100000
BNBRUB 0.00100000 100.00000000 0.01000000
MBOXBNB 0.10000000 0.05000000 0.00000100
STMXBTC 1.00000000 0.00010000 0.00000001
AMBBTC 1.00000000 0.00010000 0.00000001
COTIBUSD 1.00000000 10.00000000 0.00010000
LTCUAH 0.00100000 100.00000000 1.00000000
SXPBNB 0.10000000 0.05000000 0.00000100
ARPABTC 1.00000000 0.00010000 0.00000001
ETCBNB 0.01000000 0.05000000 0.00010000
FIOBTC 1.00000000 0.00010000 0.00000001
WAVESETH 0.01000000 0.00500000 0.00000100
GBPUSDT 0.10000000 10.00000000 0.00100000
UTKBTC 1.00000000 0.00010000 0.00000001
TRUBTC 1.00000000 0.00010000 0.00000001
ZENUSDT 0.01000000 10.00000000 0.01000000
PHABTC 1.00000000 0.00010000 0.00000001
ANTBUSD 0.10000000 10.00000000 0.00100000
FILUSDT 0.01000000 10.00000000 0.00100000
UMABTC 0.10000000 0.00010000 0.00000010
AUTOUSDT 0.00100000 10.00000000 0.10000000
ALCXUSDT 0.00010000 10.00000000 0.01000000
BNTUSDT 0.10000000 10.00000000 0.00010000
PONDBUSD 0.01000000 10.00000000 0.00001000
BALBTC 0.01000000 0.00010000 0.00000010
RADBTC 0.10000000 0.00010000 0.00000010
VIDTBUSD 1.00000000 10.00000000 0.00001000
ALICETRY 0.00100000 10.00000000 0.01000000
LDOBTC 0.01000000 0.00010000 0.00000001
LTCBRL 0.00100000 10.00000000 0.10000000
FRONTBTC 1.00000000 0.00010000 0.00000001
ANKRBNB 1.00000000 0.05000000 0.00000010
YFIUSDT 0.00001000 10.00000000 1.00000000
YGGUSDT 0.10000000 10.00000000 0.00010000
XRPETH 1.00000000 0.00500000 0.00000010
FETTRY 1.00000000 10.00000000 0.00100000
TVKUSDT 1.00000000 10.00000000 0.00010000
SANTOSUSDT 0.01000000 10.00000000 0.00100000
UNIBUSD 0.01000000 10.00000000 0.00100000
BUSDRON 1.00000000 40.00000000 0.00100000
ANKRBTC 1.00000000 0.00010000 0.00000001
HBARBUSD 1.00000000 10.00000000 0.00010000
UNFIUSDT 0.10000000 10.00000000 0.00100000
AXSETH 0.00100000 0.00500000 0.00000100
BELETH 0.10000000 0.00500000 0.00000010
WINGBUSD 0.01000000 10.00000000 0.01000000
KLAYBTC 0.10000000 0.00010000 0.00000001
BAKEUSDT 0.10000000 10.00000000 0.00010000
SNMBTC 1.00000000 0.00010000 0.00000001
PHBBUSD 1.00000000 10.00000000 0.00010000
ALCXBUSD 0.00010000 10.00000000 0.01000000
DOTBNB 0.01000000 0.05000000 0.00001000
BCHUSDT 0.00100000 10.00000000 0.10000000
ALPINEBUSD 0.01000000 10.00000000 0.00010000
TWTBUSD 1.00000000 10.00000000 0.00010000
GALABUSD 1.00000000 10.00000000 0.00001000
ICPUSDT 0.01000000 10.00000000 0.00100000
DARUSDT 1.00000000 10.00000000 0.00001000
NEBLBTC 0.10000000 0.00010000 0.00000001
WBTCETH 0.00001000 0.00500000 0.01000000
ILVBNB 0.00100000 0.05000000 0.00010000
LDOUSDT 0.01000000 10.00000000 0.00100000
SCRTUSDT 0.10000000 10.00000000 0.00100000
GALETH 0.01000000 0.00500000 0.00000100
AVAXBUSD 0.01000000 10.00000000 0.01000000
ETHBRL 0.00010000 10.00000000 0.01000000
GTCBUSD 0.10000000 10.00000000 0.00100000
ADAETH 0.10000000 0.00500000 0.00000010
SNTBTC 1.00000000 0.00010000 0.00000001
ALICEBUSD 0.01000000 10.00000000 0.00100000
OMBUSD 1.00000000 10.00000000 0.00010000
XLMTRY 1.00000000 10.00000000 0.00100000
ALPHABTC 1.00000000 0.00010000 0.00000001
ONETRY 0.10000000 10.00000000 0.00100000
UMATRY 0.01000000 10.00000000 0.10000000
FTMAUD 1.00000000 10.00000000 0.00010000
POLSBUSD 0.10000000 10.00000000 0.00100000
OPETH 0.01000000 0.00500000 0.00000100
GLMUSDT 0.10000000 10.00000000 0.00010000
UMAUSDT 0.10000000 10.00000000 0.00100000
KLAYBNB 1.00000000 0.05000000 0.00000100
EGLDEUR 0.01000000 10.00000000 0.01000000
DOTGBP 0.01000000 10.00000000 0.00100000
LAZIOEUR 0.01000000 10.00000000 0.00010000
CLVBTC 0.10000000 0.00010000 0.00000001
GTCBTC 0.10000000 0.00010000 0.00000010
ETHBIDR 0.00010000 20000.00 1.00
UNFIBUSD 0.10000000 10.00000000 0.00100000
ALPHABUSD 1.00000000 10.00000000 0.00010000
LRCTRY 0.10000000 10.00000000 0.01000000
ADXETH 1.00000000 0.00500000 0.00000010
MULTIUSDT 0.00100000 10.00000000 0.01000000
OGNBUSD 0.10000000 10.00000000 0.00010000
QIBUSD 1.00000000 10.00000000 0.00001000
LPTBNB 0.01000000 0.05000000 0.00001000
ZENBTC 0.01000000 0.00010000 0.00000100
MDTBUSD 0.10000000 10.00000000 0.00001000
HFTBTC 0.10000000 0.00010000 0.00000001
ZENBUSD 0.01000000 10.00000000 0.01000000
DCRUSDT 0.00100000 10.00000000 0.01000000
IDEXBUSD 0.10000000 10.00000000 0.00001000
FLMUSDT 1.00000000 10.00000000 0.00010000
ONTBUSD 1.00000000 10.00000000 0.00010000
CELRBNB 1.00000000 0.05000000 0.00000001
ALGOTRY 0.10000000 10.00000000 0.00100000
RNDRBTC 0.01000000 0.00010000 0.00000010
OXTBUSD 1.00000000 10.00000000 0.00010000
KAVABNB 0.10000000 0.05000000 0.00000100
PYRBUSD 0.00100000 10.00000000 0.01000000
ENJTRY 0.01000000 10.00000000 0.01000000
BTCTUSD 0.00001000 10.00000000 0.01000000
WANBTC 1.00000000 0.00010000 0.00000001
NEAREUR 0.10000000 10.00000000 0.00100000
BICOBUSD 0.01000000 10.00000000 0.00100000
LITETH 0.10000000 0.00500000 0.00000010
LINKBRL 0.01000000 10.00000000 0.01000000
PERPBUSD 0.01000000 10.00000000 0.00001000
DOGETRY 1.00000000 10.00000000 0.00100000
MLNUSDT 0.00100000 10.00000000 0.01000000
DOGEUSDT 1.00000000 10.00000000 0.00001000
LINAUSDT 0.01000000 10.00000000 0.00000100
KSMBTC 0.00100000 0.00010000 0.00000100
BUSDDAI 0.10000000 10.00000000 0.00010000
BTCUAH 0.00001000 100.00000000 1.00000000
LQTYUSDT 0.10000000 10.00000000 0.00100000
ARUSDT 0.01000000 10.00000000 0.01000000
VETBUSD 0.10000000 10.00000000 0.00001000
OPBTC 0.01000000 0.00010000 0.00000001
OCEANUSDT 1.00000000 10.00000000 0.00010000
GMTBUSD 0.10000000 10.00000000 0.00010000
ZILTRY 0.10000000 10.00000000 0.00100000
COMPBTC 0.00100000 0.00010000 0.00000100
BARBUSD 0.01000000 10.00000000 0.01000000
WANUSDT 1.00000000 10.00000000 0.00010000
APTBRL 0.01000000 10.00000000 0.01000000
BTCUSDC 0.00001000 10.00000000 0.01000000
QIBTC 1.00000000 0.00010000 0.00000001
XRPBNB 1.00000000 0.05000000 0.00000100
AUDIOBUSD 0.10000000 10.00000000 0.00010000
BADGERBUSD 0.01000000 10.00000000 0.00100000
PHBUSDT 1.00000000 10.00000000 0.00010000
MATICBRL 0.10000000 10.00000000 0.00100000
AGLDUSDT 0.10000000 10.00000000 0.00100000
ONEBTC 1.00000000 0.00010000 0.00000001
THETABNB 0.10000000 0.05000000 0.00001000
XVSBNB 0.01000000 0.05000000 0.00001000
DOCKBUSD 1.00000000 10.00000000 0.00001000
LSKUSDT 0.10000000 10.00000000 0.00100000
SANDTRY 0.10000000 10.00000000 0.01000000
ETHGBP 0.00010000 10.00000000 0.01000000
ZECBTC 0.00100000 0.00010000 0.00000100
IRISUSDT 0.10000000 10.00000000 0.00001000
YGGBUSD 0.10000000 10.00000000 0.00010000
DIABUSD 0.10000000 10.00000000 0.00100000
LPTBUSD 0.01000000 10.00000000 0.01000000
ONEETH 0.10000000 0.00500000 0.00000001
DARBNB 1.00000000 0.05000000 0.00000001
PORTOBUSD 0.01000000 10.00000000 0.00010000
COSUSDT 0.10000000 10.00000000 0.00001000
BELUSDT 0.10000000 10.00000000 0.00010000
NEOBUSD 0.01000000 10.00000000 0.01000000
ENSBTC 0.01000000 0.00010000 0.00000010
MCBUSD 0.01000000 10.00000000 0.00100000
XMRETH 0.00100000 0.00500000 0.00001000
PSGBTC 0.01000000 0.00010000 0.00000010
ENSUSDT 0.01000000 10.00000000 0.01000000
ICXUSDT 0.10000000 10.00000000 0.00010000
UNIBNB 0.01000000 0.05000000 0.00001000
BTCAUD 0.00001000 10.00000000 0.01000000
XTZBTC 0.10000000 0.00010000 0.00000001
TRXBUSD 0.10000000 10.00000000 0.00001000
LINKUSDT 0.01000000 5.00000000 0.00100000
BNTETH 0.10000000 0.00500000 0.00000010
NEARRUB 0.00100000 100.00000000 0.10000000
OCEANBUSD 1.00000000 10.00000000 0.00010000
ENJBNB 0.10000000 0.05000000 0.00000100
FLMBTC 1.00000000 0.00010000 0.00000001
CHRBTC 1.00000000 0.00010000 0.00000001
EOSTRY 0.10000000 10.00000000 0.01000000
ROSEETH 0.10000000 0.00500000 0.00000010
POLSBNB 0.10000000 0.05000000 0.00000100
DEGOBTC 0.01000000 0.00010000 0.00000001
FIDABTC 0.10000000 0.00010000 0.00000001
STMXUSDT 1.00000000 10.00000000 0.00000100
FORBUSD 0.10000000 10.00000000 0.00001000
BNXUSDT 0.10000000 10.00000000 0.00100000
APEEUR 0.01000000 10.00000000 0.00100000
TRUUSDT 1.00000000 10.00000000 0.00010000
TRXTRY 1.00000000 10.00000000 0.00010000
SCRTETH 1.00000000 0.00500000 0.00000010
ETCBUSD 0.01000000 10.00000000 0.01000000
BNBAUD 0.00100000 10.00000000 0.10000000
BADGERBTC 0.01000000 0.00010000 0.00000010
EURBUSD 0.10000000 10.00000000 0.00010000
QNTBTC 0.00100000 0.00010000 0.00000100
XTZETH 0.01000000 0.00500000 0.00000100
PONDUSDT 0.01000000 10.00000000 0.00001000
MKRBUSD 0.00010000 10.00000000 1.00000000
GMTEUR 0.10000000 10.00000000 0.00010000
MINABUSD 0.10000000 10.00000000 0.00100000
WBTCBUSD 0.00001000 10.00000000 0.01000000
DOTBRL 0.01000000 10.00000000 0.01000000
FISBUSD 1.00000000 10.00000000 0.00010000
SOLTRY 0.01000000 10.00000000 0.10000000
LQTYBTC 0.10000000 0.00010000 0.00000001
CELRUSDT 0.10000000 10.00000000 0.00001000
OMBTC 1.00000000 0.00010000 0.00000001
RADBUSD 0.10000000 10.00000000 0.00100000
SANDBRL 0.01000000 10.00000000 0.00100000
LPTUSDT 0.01000000 10.00000000 0.01000000
BTCRON 0.00001000 40.00000000 1.00000000
LAZIOTRY 0.01000000 10.00000000 0.00100000
FLUXBUSD 0.01000000 10.00000000 0.00100000
APTEUR 0.01000000 10.00000000 0.00010000
RPLBTC 0.01000000 0.00010000 0.00000100
SSVBUSD 0.00100000 10.00000000 0.01000000
VIBUSDT 1.00000000 10.00000000 0.00001000
QIUSDT 1.00000000 10.00000000 0.00001000
BNTBTC 0.10000000 0.00010000 0.00000001
HARDBNB 1.00000000 0.05000000 0.00000100
TLMBUSD 1.00000000 10.00000000 0.00001000
WINGETH 0.00100000 0.00500000 0.00000100
STXTRY 0.10000000 10.00000000 0.00100000
ROSEUSDT 0.10000000 10.00000000 0.00001000
ALICEUSDT 0.01000000 10.00000000 0.00100000
TOMOBTC 0.10000000 0.00010000 0.00000001
RUNEEUR 0.10000000 10.00000000 0.00100000
TRXUSDT 0.10000000 10.00000000 0.00001000
AVABUSD 0.10000000 10.00000000 0.00100000
LOKABTC 0.10000000 0.00010000 0.00000001
SOLBRL 0.01000000 10.00000000 0.10000000
SOLBUSD 0.01000000 10.00000000 0.01000000
AMPBUSD 1.00000000 10.00000000 0.00001000
EOSUSDT 0.10000000 10.00000000 0.00100000
ETHEUR 0.00010000 10.00000000 0.01000000
WAVESBUSD 0.01000000 10.00000000 0.00100000
ENJBTC 0.10000000 0.00010000 0.00000001
HIGHBNB 0.01000000 0.05000000 0.00000100
BETAUSDT 1.00000000 10.00000000 0.00001000
TKOBUSD 0.10000000 10.00000000 0.00010000
ADAUSDT 0.10000000 10.00000000 0.00010000
API3USDT 0.01000000 10.00000000 0.00100000
STXBNB 0.10000000 0.05000000 0.00000100
PYRUSDT 0.00100000 10.00000000 0.01000000
DUSKUSDT 1.00000000 10.00000000 0.00010000
XLMEUR 1.00000000 10.00000000 0.00010000
FIROUSDT 0.10000000 10.00000000 0.00100000
SNTBUSD 1.00000000 10.00000000 0.00001000
LDOBUSD 0.01000000 10.00000000 0.00100000
XLMETH 1.00000000 0.00500000 0.00000010
AVAXUSDT 0.01000000 10.00000000 0.01000000
ANTBNB 0.10000000 0.05000000 0.00001000
XRPBTC 1.00000000 0.00010000 0.00000001
AVAXTRY 0.01000000 10.00000000 0.10000000
APEAUD 0.01000000 10.00000000 0.00100000
ARPABNB 1.00000000 0.05000000 0.00000010
OSMOBUSD 0.01000000 10.00000000 0.00100000
GTCUSDT 0.10000000 10.00000000 0.00100000
MINATRY 0.01000000 10.00000000 0.01000000
CITYBUSD 0.01000000 10.00000000 0.01000000
DOTUSDT 0.01000000 10.00000000 0.00100000
ALGOBUSD 1.00000000 10.00000000 0.00010000
NEARETH 0.00100000 0.00500000 0.00000100
TLMBTC 1.00000000 0.00010000 0.00000001
C98BUSD 0.10000000 10.00000000 0.00010000
JOEBUSD 0.01000000 10.00000000 0.00010000
JASMYETH 1.00000000 0.00500000 0.00000001
SOLRUB 0.01000000 100.00000000 1.00000000
MTLETH 0.10000000 0.00500000 0.00000010
AMPBTC 1.00000000 0.00010000 0.00000001
LAZIOBUSD 0.01000000 10.00000000 0.00010000
GMTBRL 0.10000000 10.00000000 0.00100000
SXPUSDT 0.10000000 10.00000000 0.00010000
EOSETH 0.10000000 0.00500000 0.00000100
FLOWUSDT 0.01000000 10.00000000 0.00100000
UNIETH 0.00100000 0.00500000 0.00000100
XLMBNB 1.00000000 0.05000000 0.00000010
BETABTC 1.00000000 0.00010000 0.00000001
ALGOBNB 1.00000000 0.05000000 0.00000100
STMXBUSD 1.00000000 10.00000000 0.00000100
ETHUSDT 0.00010000 10.00000000 0.01000000
SOLBTC 0.01000000 0.00010000 0.00000010
RENUSDT 1.00000000 10.00000000 0.00000100
JASMYUSDT 0.10000000 10.00000000 0.00000100
RUNETRY 0.01000000 10.00000000 0.01000000
CTSIBNB 1.00000000 0.05000000 0.00000100
XRPEUR 1.00000000 10.00000000 0.00010000
ELFBTC 1.00000000 0.00010000 0.00000001
FILBTC 0.01000000 0.00010000 0.00000010
ELFETH 1.00000000 0.00500000 0.00000010
TOMOUSDT 0.10000000 10.00000000 0.00010000
ASTRBTC 0.10000000 0.00010000 0.00000001
HIVEBTC 1.00000000 0.00010000 0.00000001
BUSDUAH 1.00000000 100.00000000 0.01000000
ATOMBNB 0.01000000 0.05000000 0.00001000
REQBTC 1.00000000 0.00010000 0.00000001
SXPBTC 0.10000000 0.00010000 0.00000001
DYDXBTC 0.01000000 0.00010000 0.00000001
ANKRBUSD 0.10000000 10.00000000 0.00001000
ALICEBNB 0.00100000 0.05000000 0.00000100
HOOKBTC 0.10000000 0.00010000 0.00000001
DOTBTC 0.01000000 0.00010000 0.00000010
INJTRY 0.01000000 10.00000000 0.01000000
BCHBTC 0.00100000 0.00010000 0.00001000
ORNUSDT 0.10000000 10.00000000 0.00100000
WOOUSDT 0.10000000 10.00000000 0.00010000
GMTTRY 0.01000000 10.00000000 0.01000000
PORTOUSDT 0.01000000 10.00000000 0.00010000
RPLBUSD 0.01000000 10.00000000 0.01000000
NEARTRY 0.00100000 10.00000000 0.01000000
NEOETH 0.01000000 0.00500000 0.00001000
QKCETH 1.00000000 0.00500000 0.00000001
MTLUSDT 0.10000000 10.00000000 0.00100000
FETBNB 1.00000000 0.05000000 0.00000100
FTMUSDT 1.00000000 10.00000000 0.00010000
SNXBTC 0.10000000 0.00010000 0.00000010
LINKBTC 0.01000000 0.00010000 0.00000010
AAVEETH 0.00100000 0.00500000 0.00010000
RLCETH 0.10000000 0.00500000 0.00000100
DARBTC 1.00000000 0.00010000 0.00000001
BONDUSDT 0.01000000 10.00000000 0.00100000
NULSBUSD 1.00000000 10.00000000 0.00010000
JSTBTC 1.00000000 0.00010000 0.00000001
WAVESTRY 0.00100000 10.00000000 0.10000000
HFTBUSD 0.10000000 10.00000000 0.00010000
XTZTRY 0.01000000 10.00000000 0.01000000
LAZIOUSDT 0.01000000 10.00000000 0.00010000
LTCBUSD 0.00100000 10.00000000 0.01000000
KMDBTC 1.00000000 0.00010000 0.00000001
LOOMBTC 1.00000000 0.00010000 0.00000001
RLCUSDT 0.10000000 10.00000000 0.00100000
POWRBUSD 1.00000000 10.00000000 0.00010000
ACHBTC 1.00000000 0.00010000 0.00000001
DREPBUSD 1.00000000 10.00000000 0.00010000
COMPBUSD 0.00100000 10.00000000 0.01000000
IOSTBUSD 0.10000000 10.00000000 0.00001000
XRPBUSD 1.00000000 10.00000000 0.00010000
DOGEBIDR 1.00000000 20000.00 1.00
PONDBTC 1.00000000 0.00010000 0.00000001
C98USDT 0.10000000 10.00000000 0.00010000
BELBTC 0.10000000 0.00010000 0.00000001
NKNBUSD 1.00000000 10.00000000 0.00010000
FETBTC 1.00000000 0.00010000 0.00000001
CHZBNB 1.00000000 0.05000000 0.00000010
ANTBTC 0.10000000 0.00010000 0.00000001
CHESSUSDT 0.10000000 10.00000000 0.00010000
CTXCUSDT 1.00000000 10.00000000 0.00010000
USDCUSDT 1.00000000 10.00000000 0.00010000
BARUSDT 0.01000000 10.00000000 0.01000000
FTMBUSD 1.00000000 10.00000000 0.00010000
WTCUSDT 1.00000000 10.00000000 0.00010000
JOEBTC 0.01000000 0.00010000 0.00000001
BTCBUSD 0.00001000 10.00000000 0.01000000
DUSKBTC 1.00000000 0.00010000 0.00000001
ACABUSD 0.01000000 10.00000000 0.00010000
LTCETH 0.00100000 0.00500000 0.00001000
CTKUSDT 0.10000000 10.00000000 0.00100000
AVAUSDT 0.10000000 10.00000000 0.00100000
CHRBNB 1.00000000 0.05000000 0.00000010
MDTUSDT 0.10000000 10.00000000 0.00001000
KNCETH 0.10000000 0.00500000 0.00000010
WTCBTC 1.00000000 0.00010000 0.00000001
BUSDBIDR 0.10000000 20000.00 1.00
AUDUSDT 1.00000000 10.00000000 0.00010000
PHABUSD 1.00000000 10.00000000 0.00010000
ONGBTC 1.00000000 0.00010000 0.00000001
ASTRBUSD 0.10000000 10.00000000 0.00010000
FETUSDT 1.00000000 10.00000000 0.00010000
GALBRL 0.01000000 10.00000000 0.01000000
KNCBUSD 0.10000000 10.00000000 0.00100000
BNBBRL 0.00100000 10.00000000 1.00000000
QUICKUSDT 0.00100000 10.00000000 0.10000000
ETHTRY 0.00010000 10.00000000 1.00000000
XRPRUB 1.00000000 100.00000000 0.01000000
LAZIOBTC 0.01000000 0.00010000 0.00000001
ALICEBTC 0.01000000 0.00010000 0.00000010
RUNEBNB 0.10000000 0.05000000 0.00001000
CAKEBTC 0.01000000 0.00010000 0.00000010
JASMYEUR 0.10000000 10.00000000 0.00000100
JASMYTRY 1.00000000 10.00000000 0.00000100
NULSBTC 1.00000000 0.00010000 0.00000001
SXPBUSD 0.10000000 10.00000000 0.00010000
CELOBTC 0.10000000 0.00010000 0.00000001
DODOBUSD 0.10000000 10.00000000 0.00010000
BANDUSDT 0.10000000 10.00000000 0.00100000
SUSHIBNB 0.10000000 0.05000000 0.00001000
ICPEUR 0.01000000 10.00000000 0.00100000
ALPINETRY 0.01000000 10.00000000 0.01000000
FLOWBNB 0.01000000 0.05000000 0.00000100
IOTXUSDT 1.00000000 10.00000000 0.00001000
ANTUSDT 0.10000000 10.00000000 0.00100000
AERGOBUSD 1.00000000 10.00000000 0.00010000
CHRETH 0.10000000 0.00500000 0.00000010
STXUSDT 0.10000000 10.00000000 0.00010000
POWRBTC 1.00000000 0.00010000 0.00000001
ZRXETH 1.00000000 0.00500000 0.00000010
CHRUSDT 1.00000000 10.00000000 0.00010000
GALBNB 0.00100000 0.05000000 0.00000100
WAXPBUSD 1.00000000 10.00000000 0.00010000
NKNUSDT 1.00000000 10.00000000 0.00010000
DASHBTC 0.00100000 0.00010000 0.00000100
ENSTRY 0.00100000 10.00000000 0.10000000
LINKGBP 0.01000000 10.00000000 0.00100000
SFPUSDT 1.00000000 10.00000000 0.00010000
DASHUSDT 0.00100000 10.00000000 0.01000000
CRVETH 0.01000000 0.00500000 0.00000100
AGIXUSDT 1.00000000 10.00000000 0.00001000
SCRTBUSD 0.10000000 10.00000000 0.00100000
IOTAUSDT 1.00000000 10.00000000 0.00010000
ARPARUB 1.00000000 100.00000000 0.00100000
NEXOBUSD 0.01000000 10.00000000 0.00100000
ACMBUSD 0.10000000 10.00000000 0.00100000
APTBUSD 0.01000000 10.00000000 0.00010000
CHZTRY 1.00000000 10.00000000 0.00100000
DOTBUSD 0.01000000 10.00000000 0.00100000
COSTRY 1.00000000 10.00000000 0.00010000
POWRETH 1.00000000 0.00500000 0.00000010
SUPERBTC 1.00000000 0.00010000 0.00000001
NEOUSDT 0.01000000 10.00000000 0.01000000
TKOBTC 0.10000000 0.00010000 0.00000001
ZECETH 0.00100000 0.00500000 0.00001000
UNIEUR 0.01000000 10.00000000 0.00100000
STORJBUSD 1.00000000 10.00000000 0.00010000
ICPETH 0.00100000 0.00500000 0.00000100
FIROBTC 0.10000000 0.00010000 0.00000010
LRCBNB 0.01000000 0.05000000 0.00000100
ATOMEUR 0.01000000 10.00000000 0.00100000
XVSUSDT 0.01000000 10.00000000 0.01000000
TOMOBUSD 0.10000000 10.00000000 0.00010000
1INCHBTC 0.10000000 0.00010000 0.00000001
IRISBTC 1.00000000 0.00010000 0.00000001
SANDAUD 1.00000000 10.00000000 0.00010000
PEOPLEBTC 0.10000000 0.00010000 0.00000001
KSMUSDT 0.00100000 10.00000000 0.01000000
HBARUSDT 1.00000000 10.00000000 0.00010000
NEBLBUSD 0.10000000 10.00000000 0.00100000
GMTAUD 0.10000000 10.00000000 0.00010000
DODOUSDT 0.10000000 10.00000000 0.00010000
CRVBUSD 0.10000000 10.00000000 0.00100000
APEBNB 0.00100000 0.05000000 0.00001000
IDEXBNB 0.10000000 0.05000000 0.00000010
QNTUSDT 0.00100000 10.00000000 0.10000000
LOKABUSD 0.10000000 10.00000000 0.00010000
COSBUSD 0.10000000 10.00000000 0.00001000
TFUELBUSD 1.00000000 10.00000000 0.00010000
BICOBTC 0.01000000 0.00010000 0.00000001
CAKEBNB 0.01000000 0.05000000 0.00001000
ENJUSDT 0.10000000 10.00000000 0.00010000
TRXXRP 0.10000000 10.00000000 0.00001000
MINABTC 0.10000000 0.00010000 0.00000001
RUNEETH 0.00100000 0.00500000 0.00000100
RIFBTC 1.00000000 0.00010000 0.00000001
LRCBTC 1.00000000 0.00010000 0.00000001
GLMRBUSD 0.10000000 10.00000000 0.00010000
SUSHIUSDT 0.10000000 10.00000000 0.00100000
GALEUR 0.00100000 10.00000000 0.00100000
ETHTUSD 0.00010000 10.00000000 0.01000000
STXBUSD 0.10000000 10.00000000 0.00010000
ICXBTC 1.00000000 0.00010000 0.00000001
MTLBUSD 0.10000000 10.00000000 0.00100000
SUSHIBUSD 0.10000000 10.00000000 0.00100000
BCHBUSD 0.00100000 10.00000000 0.10000000
ALGOETH 0.10000000 0.00500000 0.00000010
ICXBUSD 0.10000000 10.00000000 0.00010000
NULSUSDT 1.00000000 10.00000000 0.00010000
IMXBUSD 0.01000000 10.00000000 0.00100000
SNXBUSD 0.10000000 10.00000000 0.00100000
BNXBUSD 0.10000000 10.00000000 0.00100000
HIGHBUSD 0.00100000 10.00000000 0.00100000
FXSUSDT 0.10000000 10.00000000 0.00100000
NEORUB 0.00100000 100.00000000 1.00000000
WINGUSDT 0.01000000 10.00000000 0.01000000
AUCTIONUSDT 0.01000000 10.00000000 0.01000000
IOTAETH 1.00000000 0.00500000 0.00000010
QNTBUSD 0.00100000 10.00000000 0.10000000
PAXGBUSD 0.00010000 10.00000000 1.00000000
GNSUSDT 0.01000000 10.00000000 0.00100000
APEUSDT 0.01000000 10.00000000 0.00100000
GLMRUSDT 0.10000000 10.00000000 0.00010000
INJBNB 0.10000000 0.05000000 0.00001000
ENSBUSD 0.01000000 10.00000000 0.01000000
XVSBUSD 0.01000000 10.00000000 0.01000000
AXSTRY 0.00100000 10.00000000 0.10000000
RNDRBUSD 0.01000000 10.00000000 0.00100000
ENJETH 0.10000000 0.00500000 0.00000010
BANDBUSD 0.10000000 10.00000000 0.00100000
GALABTC 1.00000000 0.00010000 0.00000001
FARMBTC 0.00100000 0.00010000 0.00000100
DOGEBRL 1.00000000 10.00000000 0.00010000
LRCUSDT 1.00000000 10.00000000 0.00010000
HARDBUSD 1.00000000 10.00000000 0.00010000
STRAXBUSD 0.10000000 10.00000000 0.00100000
THETABTC 0.10000000 0.00010000 0.00000010
FETBUSD 1.00000000 10.00000000 0.00010000
AAVEUSDT 0.00100000 10.00000000 0.10000000
FRONTBUSD 1.00000000 10.00000000 0.00010000
EOSBTC 0.10000000 0.00010000 0.00000010
RAREBTC 0.10000000 0.00010000 0.00000001
TVKBTC 1.00000000 0.00010000 0.00000001
LOOMBUSD 1.00000000 10.00000000 0.00001000
FIROBUSD 0.10000000 10.00000000 0.00100000
SOLETH 0.00100000 0.00500000 0.00001000
FLUXBTC 0.01000000 0.00010000 0.00000001
OXTUSDT 1.00000000 10.00000000 0.00010000
FLUXUSDT 0.01000000 10.00000000 0.00100000
RVNTRY 0.01000000 10.00000000 0.00010000
C98BTC 0.10000000 0.00010000 0.00000001
DASHBUSD 0.00100000 10.00000000 0.01000000
MANABUSD 1.00000000 10.00000000 0.00010000
BNBUSDC 0.00100000 10.00000000 0.10000000
VITEBTC 1.00000000 0.00010000 0.00000001
STGUSDT 0.10000000 10.00000000 0.00010000
ADABTC 0.10000000 0.00010000 0.00000001
CHZGBP 1.00000000 10.00000000 0.00010000
REQBUSD 1.00000000 10.00000000 0.00010000
USDTUAH 1.00000000 100.00000000 0.01000000
LRCETH 1.00000000 0.00500000 0.00000001
KDABTC 0.01000000 0.00010000 0.00000010
CHZBTC 1.00000000 0.00010000 0.00000001
MDXBUSD 0.10000000 10.00000000 0.00010000
RVNBUSD 0.10000000 10.00000000 0.00001000
GMXBTC 0.00100000 0.00010000 0.00000100
STPTUSDT 0.10000000 10.00000000 0.00001000
BNBEUR 0.00100000 10.00000000 0.10000000
ADABIDR 0.10000000 20000.00 1.00
AVABTC 0.10000000 0.00010000 0.00000001
UNIUSDT 0.01000000 10.00000000 0.00100000
VOXELBTC 0.10000000 0.00010000 0.00000001
LITBTC 0.10000000 0.00010000 0.00000001
AXSAUD 0.01000000 10.00000000 0.01000000
FARMUSDT 0.00100000 10.00000000 0.10000000
CELOBUSD 0.10000000 10.00000000 0.00100000
KAVAUSDT 0.10000000 10.00000000 0.00100000
INJBTC 0.10000000 0.00010000 0.00000010
POWRUSDT 1.00000000 10.00000000 0.00010000
BELTRY 0.01000000 10.00000000 0.01000000
BTCDAI 0.00001000 10.00000000 0.01000000
KLAYUSDT 0.10000000 10.00000000 0.00010000
ARBTC 0.01000000 0.00010000 0.00000010
LTCUSDT 0.00100000 10.00000000 0.01000000
OCEANBNB 1.00000000 0.05000000 0.00000100
TKOUSDT 0.10000000 10.00000000 0.00010000
ETHBTC 0.00010000 0.00010000 0.00000100
HARDUSDT 1.00000000 10.00000000 0.00010000
ZILBNB 1.00000000 0.05000000 0.00000010
ZECBNB 0.00100000 0.05000000 0.00010000
LPTBTC 0.01000000 0.00010000 0.00000010
STRAXUSDT 0.10000000 10.00000000 0.00100000
ADABUSD 0.10000000 10.00000000 0.00010000
MANAUSDT 1.00000000 10.00000000 0.00010000
YFIEUR 0.00001000 10.00000000 1.00000000
LTCBNB 0.00100000 0.05000000 0.00010000
LTCBTC 0.00100000 0.00010000 0.00000100
ARPAETH 1.00000000 0.00500000 0.00000001
RADUSDT 0.10000000 10.00000000 0.00100000
AXSBRL 0.01000000 10.00000000 0.01000000
BUSDZAR 1.00000000 200.00000000 0.01000000
BNXBTC 0.10000000 0.00010000 0.00000001
AXSUSDT 0.01000000 10.00000000 0.01000000
SOLAUD 0.00100000 10.00000000 0.01000000
OMGBUSD 0.10000000 10.00000000 0.00100000
ATOMETH 0.00100000 0.00500000 0.00000100
WAVESBTC 0.01000000 0.00010000 0.00000010
IDEXBTC 1.00000000 0.00010000 0.00000001
VIDTUSDT 1.00000000 10.00000000 0.00001000
KNCBTC 0.10000000 0.00010000 0.00000001
BONDBUSD 0.01000000 10.00000000 0.00100000
ACMUSDT 0.10000000 10.00000000 0.00100000
GLMRBTC 0.10000000 0.00010000 0.00000001
POLSBTC 0.10000000 0.00010000 0.00000001
ETCEUR 0.01000000 10.00000000 0.01000000
VETBTC 1.00000000 0.00010000 0.00000001
WOOBNB 0.10000000 0.05000000 0.00000100
GBPBUSD 0.10000000 10.00000000 0.00100000
VOXELBUSD 0.10000000 10.00000000 0.00010000
AVAXBNB 0.01000000 0.05000000 0.00001000
ZRXUSDT 1.00000000 10.00000000 0.00010000
ICPTRY 0.00100000 10.00000000 0.10000000
ARBUSD 0.01000000 10.00000000 0.01000000
SSVBTC 0.01000000 0.00010000 0.00000010
ETCTRY 0.00100000 10.00000000 0.10000000
ONTBTC 1.00000000 0.00010000 0.00000001
FISBTC 1.00000000 0.00010000 0.00000001
AVAXGBP 0.01000000 10.00000000 0.01000000
STEEMBUSD 0.10000000 10.00000000 0.00010000
GALABRL 0.10000000 10.00000000 0.00010000
ALPACABTC 0.10000000 0.00010000 0.00000001
ATABTC 1.00000000 0.00010000 0.00000001
OPEUR 0.01000000 10.00000000 0.00100000
LTOUSDT 1.00000000 10.00000000 0.00010000
APTTRY 0.01000000 10.00000000 0.10000000
ETCETH 0.01000000 0.00500000 0.00001000
LTCRUB 0.00100000 100.00000000 0.10000000
XLMBUSD 1.00000000 10.00000000 0.00010000
VIDTBTC 1.00000000 0.00010000 0.00000001
QKCUSDT 1.00000000 10.00000000 0.00000100
CELRBUSD 1.00000000 10.00000000 0.00001000
AUDIOBTC 0.10000000 0.00010000 0.00000001
ETHBUSD 0.00010000 10.00000000 0.01000000
CFXTRY 1.00000000 10.00000000 0.00100000
HIVEUSDT 1.00000000 10.00000000 0.00010000
TVKBUSD 1.00000000 10.00000000 0.00010000
ATOMTRY 0.00100000 10.00000000 0.10000000
MCBTC 0.01000000 0.00010000 0.00000001
ENJBRL 0.10000000 10.00000000 0.00100000
DASHETH 0.00100000 0.00500000 0.00001000
EGLDBUSD 0.01000000 10.00000000 0.01000000
BLZBTC 1.00000000 0.00010000 0.00000001
LINABUSD 0.01000000 10.00000000 0.00000100
KDAUSDT 0.01000000 10.00000000 0.00100000
COSBTC 1.00000000 0.00010000 0.00000001
MATICBTC 0.10000000 0.00010000 0.00000001
MINAUSDT 0.10000000 10.00000000 0.00100000
MOVRUSDT 0.00100000 10.00000000 0.01000000
USDTDAI 0.10000000 10.00000000 0.00010000
DOTRUB 0.01000000 100.00000000 0.10000000
ENJBUSD 0.10000000 10.00000000 0.00010000
BATUSDT 1.00000000 10.00000000 0.00010000
FIOUSDT 1.00000000 10.00000000 0.00010000
TKOBIDR 0.10000000 20000.00 0.01
XMRBUSD 0.00100000 10.00000000 0.10000000
WANETH 1.00000000 0.00500000 0.00000010
STEEMBTC 1.00000000 0.00010000 0.00000001
WAVESEUR 0.01000000 10.00000000 0.00100000
AVAXETH 0.01000000 0.00500000 0.00001000
WRXBNB 0.10000000 0.05000000 0.00000100
COTIBTC 1.00000000 0.00010000 0.00000001
DOGERUB 1.00000000 100.00000000 0.00100000
BNBETH 0.00100000 0.00500000 0.00010000
MATICTRY 0.10000000 10.00000000 0.00100000
AAVEBTC 0.00100000 0.00010000 0.00000100
NEXOUSDT 0.01000000 10.00000000 0.00100000
EGLDETH 0.00010000 0.00500000 0.00001000
UNIBTC 0.01000000 0.00010000 0.00000010
XRPBIDR 0.10000000 20000.00 1.00
FIOBUSD 1.00000000 10.00000000 0.00010000
FILBNB 0.01000000 0.05000000 0.00001000
COSBNB 1.00000000 0.05000000 0.00000001
BNBTUSD 0.00100000 10.00000000 0.10000000
QTUMETH 0.10000000 0.00500000 0.00000100
REQUSDT 1.00000000 10.00000000 0.00010000
BONDBTC 0.01000000 0.00010000 0.00000010
FTMRUB 0.10000000 100.00000000 0.01000000
USDTBIDR 0.10000000 20000.00 1.00
CHESSBTC 0.10000000 0.00010000 0.00000001
ZECUSDT 0.00100000 10.00000000 0.10000000
QKCBTC 1.00000000 0.00010000 0.00000001
BNBTRY 0.00100000 10.00000000 1.00000000
LTOBUSD 1.00000000 10.00000000 0.00010000
ELFUSDT 0.10000000 10.00000000 0.00010000
CTKBTC 0.10000000 0.00010000 0.00000001
DYDXBUSD 0.01000000 10.00000000 0.00100000
XMRUSDT 0.00100000 10.00000000 0.10000000
PROMBTC 0.01000000 0.00010000 0.00000010
IOSTUSDT 1.00000000 10.00000000 0.00001000
BNXBNB 0.10000000 0.05000000 0.00000100
ENJEUR 0.10000000 10.00000000 0.00010000
CHZUSDT 1.00000000 10.00000000 0.00010000
IMXBNB 0.01000000 0.05000000 0.00000100
XMRBTC 0.00100000 0.00010000 0.00000100
STPTBTC 1.00000000 0.00010000 0.00000001
NEOTRY 0.01000000 10.00000000 0.10000000
KAVAETH 0.01000000 0.00500000 0.00000010
RVNBTC 1.00000000 0.00010000 0.00000001
NEOBTC 0.01000000 0.00010000 0.00000100
AXSBTC 0.01000000 0.00010000 0.00000010
FTMBTC 1.00000000 0.00010000 0.00000001
APTUSDT 0.01000000 10.00000000 0.00010000
TLMTRY 1.00000000 10.00000000 0.00010000
ZRXBUSD 1.00000000 10.00000000 0.00010000
XNOETH 0.01000000 0.00500000 0.00000010
YGGBNB 0.10000000 0.05000000 0.00000100
STGBTC 0.10000000 0.00010000 0.00000001
DEGOBUSD 0.01000000 10.00000000 0.00100000
SUSHIBTC 0.10000000 0.00010000 0.00000010
CVXBTC 0.00100000 0.00010000 0.00000010
ALPACABUSD 0.10000000 10.00000000 0.00010000
MBOXTRY 0.01000000 10.00000000 0.01000000
PAXGBNB 0.00010000 0.05000000 0.00100000
TFUELUSDT 1.00000000 10.00000000 0.00010000
UTKBUSD 1.00000000 10.00000000 0.00010000
MTLBTC 0.10000000 0.00010000 0.00000001
GALAEUR 1.00000000 10.00000000 0.00001000
ETHDAI 0.00010000 10.00000000 0.01000000
GALATRY 0.10000000 10.00000000 0.00010000
BCHEUR 0.00100000 10.00000000 0.10000000
CFXBUSD 1.00000000 10.00000000 0.00010000
GASBTC 0.10000000 0.00010000 0.00000010
GALAAUD 1.00000000 10.00000000 0.00001000
USDTRUB 1.00000000 100.00000000 0.01000000
DIAUSDT 0.10000000 10.00000000 0.00100000
BAKEBTC 0.10000000 0.00010000 0.00000001
LSKBUSD 0.10000000 10.00000000 0.00100000
MAGICBUSD 0.10000000 10.00000000 0.00010000
APTBTC 0.01000000 0.00010000 0.00000001
PEOPLEBNB 1.00000000 0.05000000 0.00000001
ETHZAR 0.00010000 200.00000000 1.00000000
BNBUAH 0.00100000 100.00000000 1.00000000
CELRBTC 1.00000000 0.00010000 0.00000001
DAREUR 1.00000000 10.00000000 0.00001000
ETHPLN 0.00010000 50.00000000 1.00000000
TUSDUSDT 1.00000000 10.00000000 0.00010000
BAKEBUSD 0.10000000 10.00000000 0.00010000
BNTBUSD 0.10000000 10.00000000 0.00010000
VOXELUSDT 0.10000000 10.00000000 0.00010000
LTCEUR 0.00100000 10.00000000 0.01000000
EURUSDT 0.10000000 10.00000000 0.00010000
SANTOSBRL 0.01000000 10.00000000 0.01000000
AGIXBTC 1.00000000 0.00010000 0.00000001
AGIXBUSD 1.00000000 10.00000000 0.00001000
FXSBUSD 0.10000000 10.00000000 0.00100000
EGLDBNB 0.01000000 0.05000000 0.00010000
GLMRBNB 0.01000000 0.05000000 0.00000100
RIFUSDT 1.00000000 10.00000000 0.00010000
HOOKBNB 0.10000000 0.05000000 0.00000010
NEARUSDT 0.10000000 10.00000000 0.00100000
SFPBTC 1.00000000 0.00010000 0.00000001
PORTOEUR 0.01000000 10.00000000 0.00010000
PERPBTC 0.01000000 0.00010000 0.00000001
ATMBTC 0.01000000 0.00010000 0.00000010
ALPHAUSDT 1.00000000 10.00000000 0.00010000
BTCRUB 0.00001000 100.00000000 1.00000000
DYDXBNB 0.01000000 0.05000000 0.00000100
ALPINEUSDT 0.01000000 10.00000000 0.00010000
CRVUSDT 0.10000000 10.00000000 0.00100000
BUSDTRY 1.00000000 10.00000000 0.01000000
MATICETH 0.10000000 0.00500000 0.00000010
CITYBTC 0.01000000 0.00010000 0.00000010
ALPINEEUR 0.01000000 10.00000000 0.00010000
USDTBRL 0.10000000 10.00000000 0.00100000
IOSTETH 1.00000000 0.00500000 0.00000001
VIBBTC 1.00000000 0.00010000 0.00000001
HOOKBUSD 0.10000000 10.00000000 0.00010000
ALCXBTC 0.00010000 0.00010000 0.00000100
OGBUSD 0.10000000 10.00000000 0.00100000
PLAUSDT 0.01000000 10.00000000 0.00010000
API3BUSD 0.01000000 10.00000000 0.00100000
UTKUSDT 1.00000000 10.00000000 0.00010000
PAXGUSDT 0.00010000 10.00000000 1.00000000
ALGORUB 0.10000000 100.00000000 0.01000000
ATOMBUSD 0.01000000 5.00000000 0.00100000
KNCUSDT 0.10000000 10.00000000 0.00100000
GMTUSDT 0.10000000 10.00000000 0.00010000
SOLGBP 0.01000000 10.00000000 0.01000000
CTKBNB 0.10000000 0.05000000 0.00000100
CLVBUSD 0.10000000 10.00000000 0.00001000
DREPBTC 1.00000000 0.00010000 0.00000001
PLABUSD 0.01000000 10.00000000 0.00010000
ETHUSDC 0.00010000 10.00000000 0.01000000
ELFBUSD 0.10000000 10.00000000 0.00010000
ACHUSDT 1.00000000 10.00000000 0.00001000
STXBTC 0.10000000 0.00010000 0.00000001
RAREBUSD 0.10000000 10.00000000 0.00010000
XRPGBP 1.00000000 10.00000000 0.00010000
RVNUSDT 0.10000000 10.00000000 0.00001000
AVAXAUD 0.01000000 10.00000000 0.01000000
APEBTC 0.01000000 0.00010000 0.00000001
RUNEUSDT 0.10000000 10.00000000 0.00100000
GMTBNB 0.10000000 0.05000000 0.00000100
DGBBUSD 0.10000000 10.00000000 0.00001000
GMTETH 0.10000000 0.00500000 0.00000010
DODOBTC 0.10000000 0.00010000 0.00000001
SNXBNB 0.10000000 0.05000000 0.00001000
PYRBTC 0.00100000 0.00010000 0.00000010
ATAUSDT 1.00000000 10.00000000 0.00010000
MATICBNB 0.10000000 0.05000000 0.00000100
SOLBIDR 0.00010000 20000.00 1.00
RNDRUSDT 0.01000000 10.00000000 0.00100000
ARPABUSD 0.10000000 10.00000000 0.00001000
MINABNB 0.10000000 0.05000000 0.00000100
DATABUSD 0.10000000 10.00000000 0.00001000
KMDUSDT 1.00000000 10.00000000 0.00010000
GALABNB 1.00000000 0.05000000 0.00000001
CTSIBUSD 1.00000000 10.00000000 0.00010000
BTCBIDR 0.00001000 20000.00 1.00
SANDBTC 1.00000000 0.00010000 0.00000001
BNBBIDR 0.00100000 20000.00 1.00
UNFIETH 0.01000000 0.00500000 0.00000100
TLMUSDT 1.00000000 10.00000000 0.00001000
ENSBNB 0.01000000 0.05000000 0.00001000
ZILUSDT 0.10000000 10.00000000 0.00001000
1INCHUSDT 0.10000000 10.00000000 0.00100000
NEXOBTC 0.01000000 0.00010000 0.00000001
JASMYBNB 0.10000000 0.05000000 0.00000001
FORUSDT 1.00000000 10.00000000 0.00001000
CAKEBUSD 0.01000000 10.00000000 0.00100000
PAXGBTC 0.00010000 0.00010000 0.00001000
KNCBNB 0.01000000 0.05000000 0.00000100
LINKTRY 0.01000000 10.00000000 0.10000000
SYNBTC 0.10000000 0.00010000 0.00000001
CHZBUSD 1.00000000 10.00000000 0.00010000
SSVETH 0.01000000 0.00500000 0.00000100
ETCUSDT 0.01000000 10.00000000 0.01000000
BUSDUSDT 1.00000000 10.00000000 0.00010000
OSMOUSDT 0.01000000 10.00000000 0.00100000
DUSKBUSD 1.00000000 10.00000000 0.00010000
MATICAUD 0.10000000 10.00000000 0.00010000
EOSEUR 0.10000000 10.00000000 0.00100000
OGUSDT 0.10000000 10.00000000 0.00100000
PROMBUSD 0.01000000 10.00000000 0.01000000
VITEUSDT 0.10000000 10.00000000 0.00001000
SANDUSDT 1.00000000 10.00000000 0.00010000
SANDETH 0.10000000 0.00500000 0.00000010
MDXUSDT 0.10000000 10.00000000 0.00010000
STORJUSDT 1.00000000 10.00000000 0.00010000
ARDRUSDT 1.00000000 10.00000000 0.00010000
ONGUSDT 1.00000000 10.00000000 0.00010000
YFIBUSD 0.00001000 10.00000000 1.00000000
MATICEUR 0.10000000 10.00000000 0.00010000
BAKEBNB 0.10000000 0.05000000 0.00000100
GRTETH 1.00000000 0.00500000 0.00000010
OXTBTC 1.00000000 0.00010000 0.00000001
DEGOUSDT 0.01000000 10.00000000 0.00100000
