LUNC-BTC 1 10000 0.00000000001
SC-USDT 0.000001 100 0.000001
BCD-BTC 0.0001 1 0.00000001
PHA-USDT 0.000001 1 0.0001
EOS-BTC 0.0001 0.1 0.0000001
ICX-USDT 0.000001 1 0.0001
LINK-BTC 0.001 0.1 0.000001
LINK-USDT 0.000001 0.1 0.001
EGLD-BTC 0.0001 0.01 0.000001
IOTA-BTC 0.001 1 0.0000001
PEOPLE-BTC 0.01 100 0.0000000001
TRUE-BTC 0.001 10 0.00000001
CVC-BTC 0.001 1 0.00000001
AVAX-USDT 0.000001 0.01 0.01
GRT-USDT 0.000001 1 0.0001
XCH-BTC 0.0001 0.01 0.000001
ETH-USDK 0.000001 0.001 0.01
DOGE-USDC 0.01 10 0.00001
IOTA-USDT 0.000001 1 0.0001
KLAY-BTC 1 1 0.00000001
USTC-USDT 0.0001 100 0.00001
CVC-USDT 0.000001 1 0.0001
SOL-USDT 0.000001 0.01 0.001
TRX-USDC 0.0001 10 0.00001
DOT-ETH 0.0001 0.1 0.000001
MATIC-USDT 0.000001 1 0.0001
NEAR-ETH 1 1 0.000001
ZEC-USDT 0.000001 0.01 0.01
TAMA-BTC 0.01 100 0.000000001
XRP-BTC 0.001 1 0.00000001
CHZ-USDT 0.000001 1 0.00001
LUNA-BTC 0.0001 1 0.0000001
ALGO-USDT 0.000001 1 0.0001
LTC-USDC 0.000001 0.01 0.01
ZEC-BTC 0.000001 0.01 0.000001
ICP-BTC 0.0001 0.01 0.000001
OKB-USDT 0.000001 0.1 0.001
SHIB-BTC 1 50000 0.000000000001
DOT-USDT 0.000001 0.1 0.001
RVN-USDT 0.000001 10 0.00001
KSM-ETH 0.0001 0.01 0.0001
ZRX-BTC 0.001 1 0.00000001
XTZ-BTC 0.0001 0.1 0.00000001
USDC-USDT 0.000001 1 0.0001
IOST-USDC 0.01 10 0.00001
ZEC-USDC 0.000001 0.01 0.01
WBTC-BTC 0.0001 0.0001 0.0001
PST-USDT 0.000001 10 0.00001
USTC-USDC 0.01 100 0.00001
ETH-EURT 0.000001 0.001 0.01
LTC-OKB 0.000001 0.01 0.01
THETA-USDT 0.000001 0.1 0.001
OKT-USDC 0.000001 0.01 0.01
ENS-USDT 0.000001 0.1 0.01
XMR-USDT 0.000001 0.01 0.01
MANA-USDT 0.000001 1 0.0001
KSM-USDT 0.000001 0.01 0.01
TAMA-USDC 0.01 100 0.000001
AAVE-BTC 0.0001 0.01 0.000001
MKR-USDT 0.00000001 0.001 0.1
UNI-BTC 0.00001 0.1 0.0000001
RSR-USDC 0.01 10 0.00001
SC-BTC 1 100 0.000000001
ZEN-BTC 0.00001 0.01 0.000001
ADA-ETH 1 1 0.000001
DYDX-USDT 0.000001 0.1 0.001
XTZ-USDT 0.000001 0.1 0.001
AVAX-USDC 0.000001 0.01 0.01
AAVE-ETH 0.0001 0.01 0.0001
ETC-ETH 0.00001 0.1 0.00001
UNI-USDC 0.0001 0.1 0.001
ADA-BTC 1 1 0.00000001
ETHW-BTC 0.0001 1 0.0000001
ALPHA-USDT 0.000001 1 0.0001
GRT-BTC 1 1 0.00000001
TRX-BTC 0.01 10 0.000000001
LSK-USDT 0.00000001 0.1 0.001
SRM-BTC 0.0001 0.1 0.00000001
VSYS-USDT 0.000001 10 0.000001
XCH-USDC 0.0001 0.01 0.01
CTC-USDT 0.000001 0.1 0.001
CELO-USDC 0.0001 1 0.001
EOS-USDC 0.0001 0.1 0.0001
GAS-USDT 0.000001 0.1 0.001
DCR-USDT 0.00000001 0.01 0.01
YFI-USDT 0.000001 0.0005 1
CELT-BTC 0.0001 10 0.00000001
BCH-USDT 0.000001 0.001 0.01
YOU-BTC 1 100 0.0000000001
ONT-BTC 0.001 1 0.0000001
OKB-BTC 0.0001 0.1 0.0000001
RSR-BTC 1 10 0.000000001
DOGE-ETH 0.0001 1 0.0000001
FLOW-USDT 0.000001 0.1 0.001
ETC-USDC 0.0001 0.1 0.001
BNT-USDT 0.000001 0.1 0.0001
ENJ-BTC 1 1 0.00000001
WAVES-USDT 0.00000001 0.1 0.001
APE-USDC 0.0001 1 0.0001
CEL-USDC 0.0001 0.1 0.0001
XMR-BTC 0.000001 0.01 0.000001
SHIB-USDC 1 50000 0.00000001
GRT-USDC 0.0001 1 0.0001
SHIB-USDT 1 50000 0.00000001
ALGO-USDC 0.0001 1 0.0001
SOL-USDC 0.000001 0.01 0.001
LUNA-USDC 0.0001 1 0.0001
ZEC-ETH 0.000001 0.01 0.0001
CELT-USDT 0.000001 10 0.000001
MANA-ETH 0.01 1 0.0000001
MANA-BTC 0.01 1 0.00000001
QTUM-BTC 0.00001 0.1 0.0000001
YFI-USDC 0.000001 0.0001 1
REN-USDT 0.000001 1 0.0001
IOST-BTC 0.01 10 0.000000001
ELF-BTC 0.001 10 0.00000001
RVN-BTC 1 10 0.000000001
WBTC-USDT 0.000001 0.00001 0.1
HC-USDT 0.000001 1 0.0001
YOU-USDT 0.000001 100 0.000001
XLM-USDC 0.0001 1 0.00001
KLAY-USDC 0.0001 1 0.0001
ATOM-BTC 0.0001 0.1 0.0000001
BADGER-BTC 1 1 0.0000001
KSM-BTC 0.0001 0.01 0.00001
DASH-ETH 0.000001 0.01 0.0001
WAVES-USDC 0.0001 0.1 0.001
SRM-USDT 0.000001 0.1 0.001
CEL-USDT 0.000001 0.1 0.0001
SWFTC-ETH 0.1 100 0.000000001
WBTC-ETH 0.0001 0.0001 0.01
ANT-USDC 0.0001 0.1 0.001
LUNA-USDT 0.0001 1 0.0001
UNI-ETH 0.00001 0.1 0.000001
OKT-ETH 0.0001 0.01 0.00001
ONT-USDT 0.000001 1 0.0001
KNC-USDT 0.000001 1 0.0001
XEM-USDT 0.000001 10 0.0001
BTC-USDC 0.00000001 0.00001 0.1
MITH-BTC 0.001 10 0.000000001
OMG-USDT 0.000001 0.1 0.001
SNT-USDT 0.000001 10 0.00001
NEO-ETH 0.00001 0.01 0.00001
CRV-BTC 0.0001 1 0.0000001
OMG-BTC 0.0001 0.1 0.0000001
AAVE-USDT 0.000001 0.01 0.01
DYDX-USDC 0.0001 0.1 0.001
COMP-USDC 0.000001 0.001 0.01
NAS-BTC 0.0001 1 0.00000001
NEO-BTC 0.00001 0.01 0.000001
NULS-USDT 0.000001 1 0.0001
XLM-ETH 0.001 1 0.0000001
YFI-BTC 0.0001 0.0001 0.001
ETC-BTC 0.00001 0.1 0.000001
XRP-OKB 0.000001 1 0.0001
BCH-BTC 0.0001 0.001 0.00001
LTC-ETH 0.000001 0.01 0.0001
CRO-USDC 0.0001 10 0.0001
CSPR-USDT 0.000001 1 0.00001
ETHW-USDC 0.0001 0.1 0.001
USDT-USDC 0.0001 1 0.0001
LTC-USDT 0.000001 0.01 0.01
SOL-BTC 0.0001 0.01 0.0000001
COMP-USDT 0.000001 0.001 0.01
OKB-USDC 0.0001 0.1 0.001
APE-BTC 0.0001 1 0.0000001
DOGE-BTC 0.001 1 0.00000001
ENS-USDC 0.0001 0.1 0.01
GAS-BTC 0.00001 0.1 0.0000001
MATIC-BTC 0.0001 1 0.00000001
MANA-USDC 0.0001 1 0.0001
ICP-USDT 0.000001 0.01 0.01
BADGER-USDT 0.000001 0.01 0.001
LTC-BTC 0.000001 0.01 0.000001
DOT-BTC 0.0001 0.1 0.0000001
ATOM-ETH 0.0001 0.1 0.000001
XEM-USDC 0.0001 10 0.0001
LRC-USDC 0.0001 1 0.0001
MKR-BTC 0.000001 0.001 0.0001
PHA-BTC 0.01 10 0.000000001
LUNC-USDC 1 10000 0.00000001
STX-USDT 0.000001 1 0.0001
XCH-USDT 0.000001 0.01 0.01
ICP-USDC 0.0001 0.01 0.01
ANT-BTC 0.0001 0.1 0.0000001
ZIL-USDT 0.000001 10 0.00001
MKR-USDC 0.000001 0.001 0.1
SOL-ETH 0.0001 0.01 0.00001
DOT-USDC 0.000001 0.1 0.001
SRM-USDC 0.0001 0.1 0.001
TRUE-USDT 0.000001 10 0.00001
WAVES-BTC 1 1 0.000001
MKR-ETH 0.000001 0.001 0.001
CELO-USDT 0.000001 1 0.001
SWFTC-USDT 0.000001 100 0.000001
BTC-DAI 0.00000001 0.00001 0.1
LINK-USDC 0.0001 0.1 0.001
NAS-USDT 0.000001 1 0.0001
ALGO-BTC 0.0001 1 0.0000001
FLOW-BTC 0.0001 0.1 0.0000001
BSV-USDC 0.0001 0.01 0.01
THETA-USDC 0.0001 0.1 0.001
YFI-ETH 0.0001 0.0001 0.01
ADA-USDC 0.0001 1 0.00001
ADA-USDT 0.0001 1 0.00001
ETH-USDC 0.000001 0.001 0.01
OKB-ETH 0.0001 0.1 0.000001
ATOM-USDT 0.000001 0.1 0.001
STX-USDC 0.0001 1 0.0001
LINK-ETH 0.001 0.1 0.00001
XRP-USDC 0.0001 1 0.00001
LUNC-USDT 1 10000 0.00000001
OKT-BTC 0.0001 0.01 0.000001
KLAY-USDT 0.000001 1 0.0001
DOGE-USDT 0.000001 10 0.00001
CHZ-BTC 1 1 0.000000001
HBAR-BTC 0.0001 10 0.00000001
NEAR-BTC 1 1 0.00000001
INT-ETH 0.01 100 0.00000001
OMG-USDC 0.0001 0.1 0.001
SWFTC-BTC 0.1 100 0.0000000001
TRX-ETH 0.01 10 0.00000001
ZRX-USDT 0.000001 1 0.0001
EGLD-USDT 0.000001 0.01 0.01
ETHW-USDT 0.0001 0.1 0.001
FLOW-USDC 0.0001 0.1 0.001
FIL-ETH 0.00000001 0.01 0.0001
COMP-BTC 0.0001 0.001 0.000001
QTUM-USDT 0.000001 0.1 0.001
USTC-BTC 0.01 100 0.000000001
CRV-USDT 0.000001 1 0.001
STX-BTC 1 1 0.00000001
USDT-USDK 0.0001 0.1 0.0001
XMR-USDC 0.000001 0.01 0.01
NEAR-USDT 0.00000001 0.5 0.001
ETC-USDT 0.000001 0.1 0.001
ZIL-USDC 0.0001 10 0.00001
CELT-USDC 0.01 100 0.000001
TRX-USDT 0.000001 10 0.00001
ZIL-BTC 0.001 10 0.000000001
REN-BTC 0.0001 1 0.00000001
ELF-USDT 0.000001 10 0.0001
LSK-BTC 1 1 0.0000001
PST-BTC 0.001 10 0.000000001
BAT-USDC 0.0001 1 0.0001
APE-USDT 0.000001 1 0.0001
BCH-USDC 0.0001 0.001 0.01
FIL-USDC 0.000001 0.01 0.001
DCR-BTC 0.0001 0.01 0.00001
QTUM-ETH 0.00001 0.1 0.00001
VSYS-BTC 1 10 0.0000000001
ZEN-USDT 0.000001 0.01 0.01
BSV-BTC 0.0001 0.01 0.000001
EOS-USDT 0.000001 0.1 0.0001
NEAR-USDC 0.0001 0.1 0.001
BAT-USDT 0.000001 1 0.0001
THETA-BTC 0.01 0.1 0.0000001
BTG-USDT 0.000001 0.01 0.01
HC-BTC 0.0001 1 0.00000001
DGB-USDT 0.000001 10 0.00001
BAT-BTC 0.0001 1 0.00000001
KNC-USDC 0.0001 1 0.0001
IOST-USDT 0.000001 10 0.00001
IOST-ETH 0.01 10 0.00000001
LRC-BTC 0.001 1 0.00000001
ENS-BTC 0.0001 0.1 0.0000001
NEO-USDT 0.000001 0.01 0.001
WXT-BTC 1 100 0.000000001
XRP-USDT 0.000001 1 0.00001
BTC-EURT 0.00000001 0.00001 0.1
EGLD-USDC 0.000001 0.01 0.01
BTC-USDK 0.00000001 0.00001 0.1
CEL-BTC 0.0001 1 0.00000001
UNI-USDT 0.000001 0.1 0.001
AAVE-USDC 0.0001 0.01 0.01
CQT-BTC 1 1 0.00000001
BNT-BTC 0.0001 0.1 0.0000001
DYDX-BTC 0.0001 1 0.00000001
RSR-USDT 0.000001 10 0.00001
GAS-ETH 0.00001 0.1 0.00001
DASH-USDC 0.0001 0.01 0.01
INT-BTC 0.01 100 0.000000001
OKT-USDT 0.000001 0.01 0.01
XMR-ETH 0.000001 0.01 0.00001
FLOW-ETH 0.0001 0.1 0.00001
XLM-BTC 0.001 1 0.00000001
NULS-ETH 0.0001 1 0.000001
SWFTC-USDC 0.01 100 0.000001
HBAR-USDC 0.0001 10 0.0001
BTM-BTC 0.001 10 0.000000001
ANT-USDT 0.000001 0.1 0.001
ATOM-USDC 0.0001 0.1 0.001
CELO-BTC 0.0001 1 0.0000001
EOS-ETH 0.0001 0.1 0.000001
XTZ-USDC 0.0001 0.1 0.001
ETH-DAI 0.000001 0.001 0.01
ETH-BTC 0.000001 0.001 0.00001
XLM-USDT 0.000001 1 0.00001
EURT-USDT 0.0001 1 0.0001
KNC-BTC 0.001 1 0.0000001
CRV-ETH 0.0001 1 0.000001
KSM-USDC 0.0001 0.01 0.01
BTM-USDT 0.000001 10 0.00001
CRV-USDC 0.0001 1 0.001
XEM-BTC 0.001 10 0.00000001
CSPR-USDC 0.0001 1 0.00001
AVAX-ETH 0.0001 0.01 0.00001
XRP-ETH 0.001 1 0.000001
ENJ-USDT 0.000001 1 0.0001
DAI-USDT 0.000001 1 0.0001
HBAR-USDT 0.000001 10 0.0001
SNT-BTC 0.01 10 0.000000001
CHZ-USDC 0.0001 1 0.00001
ALPHA-BTC 1 1 0.00000001
WXT-USDT 0.000001 100 0.00001
MATIC-USDC 0.0001 1 0.0001
ETC-OKB 0.00001 0.1 0.001
MITH-USDT 0.000001 10 0.00001
CQT-USDT 0.000001 1 0.0001
CRO-USDT 0.000001 10 0.0001
FIL-BTC 1 1 0.000001
DASH-USDT 0.000001 0.01 0.01
ICX-BTC 0.0001 1 0.0000001
ETH-USDT 0.000001 0.001 0.01
INT-USDT 0.000001 100 0.00001
CRO-BTC 0.0001 10 0.00000001
DASH-BTC 0.000001 0.01 0.000001
BCD-USDT 0.000001 1 0.0001
AVAX-BTC 0.0001 0.01 0.0000001
FIL-USDT 0.000001 0.01 0.001
PEOPLE-USDT 0.000001 10 0.00001
CSPR-BTC 0.01 100 0.000000001
PEOPLE-USDC 0.01 10 0.00001
TAMA-USDT 0.01 100 0.000001
LRC-USDT 0.000001 1 0.0001
NULS-BTC 0.0001 1 0.00000001
BTG-BTC 0.00001 0.01 0.000001
BTC-USDT 0.00000001 0.00001 0.1
DGB-BTC 0.01 10 0.000000001
BSV-USDT 0.000001 0.01 0.01
CTC-BTC 0.0001 0.1 0.00000001
