KSMBUSD 0.00100000 10.00000000 0.01000000
SOLETH 0.00100000 0.00500000 0.00001000
AVABTC 0.10000000 0.00010000 0.00000001
KNCBTC 0.10000000 0.00010000 0.00000001
LINKEUR 0.01000000 10.00000000 0.00100000
WRXBNB 0.10000000 0.05000000 0.00000100
ETCBTC 0.01000000 0.00010000 0.00000100
BUSDUAH 1.00000000 100.00000000 0.01000000
UNIBNB 0.01000000 0.05000000 0.00001000
HARDBTC 1.00000000 0.00010000 0.00000001
USDTBIDR 0.10000000 20000.00 1.00
LPTUSDT 0.01000000 10.00000000 0.01000000
EGLDEUR 0.01000000 10.00000000 0.01000000
ADXETH 1.00000000 0.00500000 0.00000010
LRCUSDT 1.00000000 10.00000000 0.00010000
SANTOSBTC 0.01000000 0.00010000 0.00000001
AUDIOBTC 0.10000000 0.00010000 0.00000001
BUSDBRL 0.10000000 10.00000000 0.00100000
QTUMBUSD 0.10000000 10.00000000 0.00100000
SANDBUSD 1.00000000 10.00000000 0.00010000
AERGOBTC 1.00000000 0.00010000 0.00000001
TWTBUSD 1.00000000 10.00000000 0.00010000
SFPBUSD 1.00000000 10.00000000 0.00010000
OXTBUSD 1.00000000 10.00000000 0.00010000
HOOKBUSD 0.10000000 10.00000000 0.00010000
SANTOSTRY 0.01000000 10.00000000 0.01000000
PORTOEUR 0.01000000 10.00000000 0.00010000
MTLUSDT 0.10000000 10.00000000 0.00100000
FLUXBTC 0.01000000 0.00010000 0.00000001
ILVBUSD 0.00100000 10.00000000 0.01000000
PSGUSDT 0.01000000 10.00000000 0.01000000
FTMBRL 0.10000000 10.00000000 0.00100000
ACABTC 0.01000000 0.00010000 0.00000001
DARUSDT 1.00000000 10.00000000 0.00001000
ROSEUSDT 0.10000000 10.00000000 0.00001000
THETAEUR 0.10000000 10.00000000 0.00100000
FILBTC 0.01000000 0.00010000 0.00000010
COSBTC 1.00000000 0.00010000 0.00000001
ADABNB 0.10000000 0.05000000 0.00000100
API3BUSD 0.01000000 10.00000000 0.00100000
ZRXBTC 1.00000000 0.00010000 0.00000001
COTIBTC 1.00000000 0.00010000 0.00000001
ALPACABTC 0.10000000 0.00010000 0.00000001
GMTAUD 0.10000000 10.00000000 0.00010000
RUNEETH 0.00100000 0.00500000 0.00000100
LTCUSDT 0.00100000 10.00000000 0.01000000
VIDTBUSD 1.00000000 10.00000000 0.00001000
PHAUSDT 1.00000000 10.00000000 0.00010000
XTZBUSD 0.10000000 10.00000000 0.00100000
ICPBNB 0.01000000 0.05000000 0.00001000
CHZGBP 1.00000000 10.00000000 0.00010000
ANTBTC 0.10000000 0.00010000 0.00000001
PONDUSDT 0.01000000 10.00000000 0.00001000
ZRXETH 1.00000000 0.00500000 0.00000010
KAVABNB 0.10000000 0.05000000 0.00001000
NKNUSDT 1.00000000 10.00000000 0.00010000
HBARBUSD 1.00000000 10.00000000 0.00010000
FIDAUSDT 0.10000000 10.00000000 0.00010000
GALAETH 1.00000000 0.00500000 0.00000001
WINGBTC 0.01000000 0.00010000 0.00000010
FLMUSDT 1.00000000 10.00000000 0.00010000
FXSBUSD 0.10000000 10.00000000 0.00100000
DCRBTC 0.00100000 0.00010000 0.00000100
RUNEUSDT 0.10000000 10.00000000 0.00100000
IDEXBTC 1.00000000 0.00010000 0.00000001
DODOBUSD 0.10000000 10.00000000 0.00010000
POLSBNB 0.10000000 0.05000000 0.00000100
KLAYUSDT 0.10000000 10.00000000 0.00010000
THETABTC 0.10000000 0.00010000 0.00000010
ZRXUSDT 1.00000000 10.00000000 0.00010000
MLNBTC 0.00100000 0.00010000 0.00000100
ATOMBUSD 0.01000000 10.00000000 0.00100000
MANABUSD 1.00000000 10.00000000 0.00010000
TVKBUSD 1.00000000 10.00000000 0.00010000
DOTBUSD 0.01000000 10.00000000 0.00100000
ICPBTC 0.01000000 0.00010000 0.00000010
ONTUSDT 1.00000000 10.00000000 0.00010000
IOSTBTC 1.00000000 0.00010000 0.00000001
MTLBTC 0.10000000 0.00010000 0.00000001
BANDBTC 0.10000000 0.00010000 0.00000010
STMXBTC 1.00000000 0.00010000 0.00000001
PORTOUSDT 0.01000000 10.00000000 0.00010000
BUSDBIDR 0.10000000 20000.00 1.00
NEOETH 0.01000000 0.00500000 0.00001000
ARPABTC 1.00000000 0.00010000 0.00000001
FIDABTC 0.10000000 0.00010000 0.00000001
VIDTBTC 1.00000000 0.00010000 0.00000001
HOOKBTC 0.10000000 0.00010000 0.00000001
BNBBUSD 0.00100000 10.00000000 0.10000000
HARDBUSD 1.00000000 10.00000000 0.00010000
GASBTC 0.10000000 0.00010000 0.00000010
PONDBTC 1.00000000 0.00010000 0.00000001
XLMEUR 1.00000000 10.00000000 0.00010000
STEEMUSDT 0.10000000 10.00000000 0.00010000
MANAETH 1.00000000 0.00500000 0.00000010
DREPBTC 1.00000000 0.00010000 0.00000001
BTCZAR 0.00001000 200.00000000 1.00000000
AGIXBUSD 1.00000000 10.00000000 0.00001000
TWTBTC 1.00000000 0.00010000 0.00000001
QUICKBTC 0.00100000 0.00010000 0.00000100
HFTBUSD 0.10000000 10.00000000 0.00010000
ORNUSDT 0.10000000 10.00000000 0.00100000
EURBUSD 0.10000000 10.00000000 0.00010000
RVNUSDT 0.10000000 10.00000000 0.00001000
AGLDBUSD 0.10000000 10.00000000 0.00100000
ONETRY 0.10000000 10.00000000 0.00100000
SSVETH 0.01000000 0.00500000 0.00000100
LTCETH 0.00100000 0.00500000 0.00001000
ETHRUB 0.00010000 100.00000000 0.10000000
KNCBNB 0.01000000 0.05000000 0.00000100
STEEMETH 1.00000000 0.00500000 0.00000010
ONGBTC 1.00000000 0.00010000 0.00000001
BNBRUB 0.00100000 100.00000000 0.01000000
RNDRBUSD 0.01000000 10.00000000 0.00100000
TLMTRY 1.00000000 10.00000000 0.00010000
TFUELBUSD 1.00000000 10.00000000 0.00010000
FILTRY 0.00100000 10.00000000 0.01000000
CLVBNB 0.10000000 0.05000000 0.00000010
OGBUSD 0.10000000 10.00000000 0.00100000
POLSBUSD 0.10000000 10.00000000 0.00100000
TVKBTC 1.00000000 0.00010000 0.00000001
BTCGBP 0.00001000 10.00000000 0.01000000
ALGORUB 0.10000000 100.00000000 0.01000000
ONTBTC 1.00000000 0.00010000 0.00000001
SFPUSDT 1.00000000 10.00000000 0.00010000
HIGHBTC 0.00100000 0.00010000 0.00000001
ATABUSD 1.00000000 10.00000000 0.00010000
WRXBUSD 0.10000000 10.00000000 0.00010000
1INCHUSDT 0.10000000 10.00000000 0.00100000
MBOXBUSD 0.10000000 10.00000000 0.00100000
DOTRUB 0.01000000 100.00000000 0.10000000
DARTRY 0.01000000 10.00000000 0.01000000
LAZIOEUR 0.01000000 10.00000000 0.00010000
PEOPLEBTC 0.10000000 0.00010000 0.00000001
ENJBNB 0.10000000 0.05000000 0.00000100
BCHUSDT 0.00100000 10.00000000 0.10000000
FISUSDT 1.00000000 10.00000000 0.00010000
TLMBTC 1.00000000 0.00010000 0.00000001
DOTGBP 0.01000000 10.00000000 0.00100000
IOTXBUSD 1.00000000 10.00000000 0.00001000
INJTRY 0.01000000 10.00000000 0.01000000
FILUSDT 0.01000000 10.00000000 0.00100000
NEOBUSD 0.01000000 10.00000000 0.01000000
DGBUSDT 0.10000000 10.00000000 0.00001000
POLSUSDT 0.10000000 10.00000000 0.00100000
LOKABTC 0.10000000 0.00010000 0.00000001
ADXBTC 1.00000000 0.00010000 0.00000001
OMGBUSD 0.10000000 10.00000000 0.00100000
QTUMETH 0.10000000 0.00500000 0.00000100
HBARBNB 1.00000000 0.05000000 0.00000010
BARBTC 0.01000000 0.00010000 0.00000010
NEXOBTC 0.01000000 0.00010000 0.00000001
STORJTRY 0.10000000 10.00000000 0.01000000
BTCTRY 0.00001000 10.00000000 1.00000000
AMBBUSD 1.00000000 10.00000000 0.00001000
ADAGBP 0.10000000 10.00000000 0.00010000
LAZIOBTC 0.01000000 0.00010000 0.00000001
TRUBTC 1.00000000 0.00010000 0.00000001
DARBUSD 1.00000000 10.00000000 0.00001000
WANETH 1.00000000 0.00500000 0.00000010
DUSKBUSD 1.00000000 10.00000000 0.00010000
JASMYBNB 0.10000000 0.05000000 0.00000001
SCRTBTC 0.10000000 0.00010000 0.00000001
VIBETH 1.00000000 0.00500000 0.00000001
WINGBUSD 0.01000000 10.00000000 0.01000000
LRCBUSD 1.00000000 10.00000000 0.00010000
BELETH 0.10000000 0.00500000 0.00000010
KLAYBUSD 0.10000000 10.00000000 0.00010000
ZILBNB 1.00000000 0.05000000 0.00000010
AXSBUSD 0.01000000 10.00000000 0.01000000
BTCBUSD 0.00001000 10.00000000 0.01000000
COTIBUSD 1.00000000 10.00000000 0.00010000
AGIXBTC 1.00000000 0.00010000 0.00000001
AUTOBUSD 0.00100000 10.00000000 0.10000000
MKRBTC 0.00010000 0.00010000 0.00001000
AVAUSDT 0.10000000 10.00000000 0.00100000
APTTRY 0.01000000 10.00000000 0.10000000
DYDXBUSD 0.01000000 10.00000000 0.00100000
ARPAUSDT 0.10000000 10.00000000 0.00001000
XMRBNB 0.00100000 0.05000000 0.00010000
EOSBUSD 0.10000000 10.00000000 0.00100000
LSKBUSD 0.10000000 10.00000000 0.00100000
IOTXUSDT 1.00000000 10.00000000 0.00001000
FORTHBUSD 0.01000000 10.00000000 0.01000000
ALGOUSDT 1.00000000 10.00000000 0.00010000
CELRBNB 1.00000000 0.05000000 0.00000001
PEOPLEBUSD 0.10000000 10.00000000 0.00001000
LPTBUSD 0.01000000 10.00000000 0.01000000
ENJGBP 0.10000000 10.00000000 0.00010000
BTCRUB 0.00001000 100.00000000 1.00000000
PYRBUSD 0.00100000 10.00000000 0.01000000
SUSHIBNB 0.10000000 0.05000000 0.00001000
ENSBNB 0.01000000 0.05000000 0.00001000
ENSBTC 0.01000000 0.00010000 0.00000010
GRTBUSD 1.00000000 10.00000000 0.00010000
DOTUSDT 0.01000000 10.00000000 0.00100000
ADATRY 0.10000000 10.00000000 0.01000000
CHRUSDT 1.00000000 10.00000000 0.00010000
MBOXTRY 0.01000000 10.00000000 0.01000000
BNXBNB 0.00100000 0.05000000 0.00010000
DOTBRL 0.01000000 10.00000000 0.01000000
ZILUSDT 0.10000000 10.00000000 0.00001000
WOOBNB 0.10000000 0.05000000 0.00000100
GLMRUSDT 0.10000000 10.00000000 0.00010000
KMDBTC 1.00000000 0.00010000 0.00000001
ALPHABTC 1.00000000 0.00010000 0.00000001
KDABUSD 0.01000000 10.00000000 0.00100000
STXUSDT 0.10000000 10.00000000 0.00100000
ATAUSDT 1.00000000 10.00000000 0.00010000
EOSUSDT 0.10000000 10.00000000 0.00100000
CTKBTC 0.10000000 0.00010000 0.00000001
OMGUSDT 0.10000000 10.00000000 0.00100000
JASMYUSDT 0.10000000 10.00000000 0.00000100
DUSKUSDT 1.00000000 10.00000000 0.00010000
RUNEBNB 0.10000000 0.05000000 0.00001000
BLZBUSD 1.00000000 10.00000000 0.00010000
MANATRY 0.10000000 10.00000000 0.01000000
CAKEBNB 0.01000000 0.05000000 0.00001000
USDTRUB 1.00000000 100.00000000 0.01000000
MDTUSDT 0.10000000 10.00000000 0.00001000
BADGERBTC 0.01000000 0.00010000 0.00000010
AGLDUSDT 0.10000000 10.00000000 0.00100000
SNXBTC 0.10000000 0.00010000 0.00000010
FETBNB 1.00000000 0.05000000 0.00000100
ARBNB 0.01000000 0.05000000 0.00001000
WAXPBNB 1.00000000 0.05000000 0.00000010
UMATRY 0.01000000 10.00000000 0.10000000
ARPATRY 1.00000000 10.00000000 0.00010000
BAKEBNB 0.10000000 0.05000000 0.00000100
FIOBTC 1.00000000 0.00010000 0.00000001
DATAUSDT 0.10000000 10.00000000 0.00001000
CTSIBUSD 1.00000000 10.00000000 0.00010000
QIBUSD 1.00000000 10.00000000 0.00001000
CTKUSDT 0.10000000 10.00000000 0.00100000
STMXUSDT 1.00000000 10.00000000 0.00000100
ICXBTC 1.00000000 0.00010000 0.00000001
NEARTRY 0.00100000 10.00000000 0.01000000
WTCBTC 1.00000000 0.00010000 0.00000001
NKNBUSD 1.00000000 10.00000000 0.00010000
YFIEUR 0.00001000 10.00000000 1.00000000
ADXBUSD 1.00000000 10.00000000 0.00010000
CTSIBNB 1.00000000 0.05000000 0.00000100
GMTEUR 0.10000000 10.00000000 0.00010000
ORNBTC 0.10000000 0.00010000 0.00000010
BELUSDT 0.10000000 10.00000000 0.00100000
WINGETH 0.00100000 0.00500000 0.00000100
UNIETH 0.00100000 0.00500000 0.00000100
TKOUSDT 0.10000000 10.00000000 0.00010000
MANABRL 0.10000000 10.00000000 0.00100000
IDEXBUSD 0.10000000 10.00000000 0.00001000
ANKRBUSD 0.10000000 10.00000000 0.00001000
LTCBRL 0.00100000 10.00000000 0.10000000
EGLDBUSD 0.01000000 10.00000000 0.01000000
ANTBUSD 0.10000000 10.00000000 0.00100000
SOLGBP 0.01000000 10.00000000 0.01000000
QIBTC 1.00000000 0.00010000 0.00000001
JASMYEUR 0.10000000 10.00000000 0.00000100
NULSBTC 1.00000000 0.00010000 0.00000001
ETCUSDT 0.01000000 10.00000000 0.01000000
HARDBNB 1.00000000 0.05000000 0.00000100
APTBUSD 0.01000000 10.00000000 0.00010000
EGLDUSDT 0.01000000 10.00000000 0.01000000
ALGOBUSD 1.00000000 10.00000000 0.00010000
CELOBTC 0.10000000 0.00010000 0.00000001
BICOUSDT 0.01000000 10.00000000 0.00100000
ELFBUSD 0.10000000 10.00000000 0.00010000
APEEUR 0.01000000 10.00000000 0.00100000
ATMUSDT 0.01000000 10.00000000 0.01000000
ADAUSDT 0.10000000 10.00000000 0.00010000
LOOMBUSD 1.00000000 10.00000000 0.00001000
KAVABUSD 0.10000000 10.00000000 0.00100000
ZILBIDR 1.00000000 20000.00 1.00
PROMBNB 0.01000000 0.05000000 0.00001000
ADABTC 0.10000000 0.00010000 0.00000001
TWTUSDT 1.00000000 10.00000000 0.00010000
ZILBUSD 0.10000000 10.00000000 0.00001000
VOXELBUSD 0.10000000 10.00000000 0.00010000
SNTBUSD 1.00000000 10.00000000 0.00001000
SANDETH 0.10000000 0.00500000 0.00000010
BUSDTRY 1.00000000 10.00000000 0.01000000
DODOUSDT 0.10000000 10.00000000 0.00010000
BICOBTC 0.01000000 0.00010000 0.00000001
ETHTRY 0.00010000 10.00000000 1.00000000
FIROBUSD 0.10000000 10.00000000 0.00100000
XLMTRY 1.00000000 10.00000000 0.00100000
UMAUSDT 0.10000000 10.00000000 0.00100000
ZECBTC 0.00100000 0.00010000 0.00000100
CFXBUSD 1.00000000 10.00000000 0.00010000
TVKUSDT 1.00000000 10.00000000 0.00010000
DOTBNB 0.01000000 0.05000000 0.00001000
DASHBTC 0.00100000 0.00010000 0.00000100
VETGBP 0.01000000 10.00000000 0.00001000
AVAXETH 0.01000000 0.00500000 0.00001000
LTOUSDT 1.00000000 10.00000000 0.00010000
LINAUSDT 0.01000000 10.00000000 0.00000100
EGLDBTC 0.01000000 0.00010000 0.00000100
KLAYBTC 0.10000000 0.00010000 0.00000001
BUSDRUB 1.00000000 100.00000000 0.01000000
GALABUSD 1.00000000 10.00000000 0.00001000
QUICKBUSD 0.00100000 10.00000000 0.10000000
SSVBTC 0.01000000 0.00010000 0.00000010
FTMTRY 0.01000000 10.00000000 0.00100000
UNFIETH 0.01000000 0.00500000 0.00000100
BTCBRL 0.00001000 10.00000000 1.00000000
OPBNB 0.10000000 0.05000000 0.00000100
FTMBNB 1.00000000 0.05000000 0.00000010
LINABTC 1.00000000 0.00010000 0.00000001
ZECUSDT 0.00100000 10.00000000 0.10000000
FETUSDT 1.00000000 10.00000000 0.00010000
MLNUSDT 0.00100000 10.00000000 0.01000000
ZRXBUSD 1.00000000 10.00000000 0.00010000
ANKRUSDT 0.10000000 10.00000000 0.00001000
SCRTETH 1.00000000 0.00500000 0.00000010
C98BUSD 0.10000000 10.00000000 0.00010000
OPETH 0.01000000 0.00500000 0.00000100
BETABNB 1.00000000 0.05000000 0.00000010
MATICEUR 0.10000000 10.00000000 0.00010000
AMPBUSD 1.00000000 10.00000000 0.00001000
USDTBRL 0.10000000 10.00000000 0.00100000
BTCAUD 0.00001000 10.00000000 0.01000000
ADABRL 0.10000000 10.00000000 0.00100000
XRPBNB 1.00000000 0.05000000 0.00000100
ENJTRY 0.01000000 10.00000000 0.01000000
SNXBNB 0.10000000 0.05000000 0.00001000
STGUSDT 0.10000000 10.00000000 0.00010000
BICOBUSD 0.01000000 10.00000000 0.00100000
ACABUSD 0.01000000 10.00000000 0.00010000
BNBGBP 0.00100000 10.00000000 0.10000000
UNIUSDT 0.01000000 10.00000000 0.00100000
FORTHBTC 0.01000000 0.00010000 0.00000010
AIONBTC 1.00000000 0.00010000 0.00000001
DOGEAUD 1.00000000 10.00000000 0.00001000
XMRBTC 0.00100000 0.00010000 0.00000100
LTOBUSD 1.00000000 10.00000000 0.00010000
TRUUSDT 1.00000000 10.00000000 0.00010000
GTCBTC 0.10000000 0.00010000 0.00000010
ENSBUSD 0.01000000 10.00000000 0.01000000
LDOBUSD 0.01000000 10.00000000 0.00100000
APTBRL 0.01000000 10.00000000 0.01000000
ATOMUSDT 0.01000000 10.00000000 0.00100000
GRTEUR 1.00000000 10.00000000 0.00010000
TFUELUSDT 1.00000000 10.00000000 0.00010000
FLOWBTC 0.01000000 0.00010000 0.00000001
ORNBUSD 0.10000000 10.00000000 0.00100000
XRPGBP 1.00000000 10.00000000 0.00010000
CVXBTC 0.00100000 0.00010000 0.00000010
YFIBTC 0.00001000 0.00010000 0.00010000
IMXBTC 0.01000000 0.00010000 0.00000001
ETCEUR 0.01000000 10.00000000 0.01000000
TFUELBTC 1.00000000 0.00010000 0.00000001
RLCBTC 0.10000000 0.00010000 0.00000001
UNIBUSD 0.01000000 10.00000000 0.00100000
GALAAUD 1.00000000 10.00000000 0.00001000
TRXUSDT 0.10000000 10.00000000 0.00001000
GMXUSDT 0.00100000 10.00000000 0.01000000
ALGOBTC 1.00000000 0.00010000 0.00000001
DOGEBTC 1.00000000 0.00010000 0.00000001
AVAXUSDT 0.01000000 10.00000000 0.01000000
DAREUR 1.00000000 10.00000000 0.00001000
GALETH 0.01000000 0.00500000 0.00000100
SOLBTC 0.01000000 0.00010000 0.00000010
CAKEBTC 0.01000000 0.00010000 0.00000010
USDTUAH 1.00000000 100.00000000 0.01000000
ALPACAUSDT 0.10000000 10.00000000 0.00010000
MBOXBTC 0.10000000 0.00010000 0.00000001
EOSEUR 0.10000000 10.00000000 0.00100000
HIGHBNB 0.01000000 0.05000000 0.00000100
UNFIBTC 0.10000000 0.00010000 0.00000010
CVXBUSD 0.00100000 10.00000000 0.00100000
BNXUSDT 0.00100000 10.00000000 0.10000000
DOGEBRL 1.00000000 10.00000000 0.00010000
ZENUSDT 0.01000000 10.00000000 0.01000000
WAXPUSDT 1.00000000 10.00000000 0.00010000
PLABTC 0.01000000 0.00010000 0.00000001
LSKBTC 0.10000000 0.00010000 0.00000001
MAGICBUSD 0.10000000 10.00000000 0.00010000
SANDTRY 0.10000000 10.00000000 0.01000000
ATOMEUR 0.01000000 10.00000000 0.00100000
AVAXGBP 0.01000000 10.00000000 0.01000000
GRTETH 1.00000000 0.00500000 0.00000010
GMTETH 0.10000000 0.00500000 0.00000010
PEOPLEBNB 1.00000000 0.05000000 0.00000001
BNTBUSD 0.10000000 10.00000000 0.00100000
FTMBTC 1.00000000 0.00010000 0.00000001
KLAYBNB 1.00000000 0.05000000 0.00000100
IOTXBTC 1.00000000 0.00010000 0.00000001
OCEANBNB 1.00000000 0.05000000 0.00000100
PEOPLEETH 1.00000000 0.00500000 0.00000001
GALABTC 1.00000000 0.00010000 0.00000001
AERGOBUSD 1.00000000 10.00000000 0.00010000
VETBTC 1.00000000 0.00010000 0.00000001
WAXPBTC 1.00000000 0.00010000 0.00000001
BCHBNB 0.00100000 0.05000000 0.00100000
SANDBNB 1.00000000 0.05000000 0.00000100
RVNBTC 1.00000000 0.00010000 0.00000001
VOXELBTC 0.10000000 0.00010000 0.00000001
QTUMBTC 0.10000000 0.00010000 0.00000010
ARBTC 0.01000000 0.00010000 0.00000010
ADAETH 0.10000000 0.00500000 0.00000010
1INCHBTC 0.10000000 0.00010000 0.00000001
SUPERBTC 1.00000000 0.00010000 0.00000001
CTXCBUSD 1.00000000 10.00000000 0.00010000
MATICBUSD 0.10000000 10.00000000 0.00010000
PHBUSDT 1.00000000 10.00000000 0.00010000
ARDRBTC 1.00000000 0.00010000 0.00000001
XMRETH 0.00100000 0.00500000 0.00001000
DARBTC 1.00000000 0.00010000 0.00000001
AUCTIONUSDT 0.01000000 10.00000000 0.01000000
JSTUSDT 0.10000000 10.00000000 0.00001000
BTCBIDR 0.00001000 20000.00 1.00
FILBUSD 0.01000000 10.00000000 0.00100000
WTCUSDT 1.00000000 10.00000000 0.00010000
SOLUSDT 0.01000000 10.00000000 0.01000000
FARMUSDT 0.00100000 10.00000000 0.10000000
BANDUSDT 0.10000000 10.00000000 0.00100000
CTXCBTC 1.00000000 0.00010000 0.00000001
APTEUR 0.01000000 10.00000000 0.00010000
FTMETH 0.10000000 0.00500000 0.00000010
DYDXUSDT 0.01000000 10.00000000 0.00100000
MATICGBP 0.10000000 10.00000000 0.00010000
JOEUSDT 0.01000000 10.00000000 0.00010000
NMRBUSD 0.01000000 10.00000000 0.01000000
ROSEBUSD 0.10000000 10.00000000 0.00001000
XNOBUSD 0.01000000 10.00000000 0.00100000
XTZUSDT 0.10000000 10.00000000 0.00100000
BATBTC 1.00000000 0.00010000 0.00000001
BNTBTC 0.10000000 0.00010000 0.00000001
AAVEETH 0.00100000 0.00500000 0.00010000
STEEMBTC 1.00000000 0.00010000 0.00000001
TRXBNB 1.00000000 0.05000000 0.00000010
JASMYBUSD 0.10000000 10.00000000 0.00000100
BTCUAH 0.00001000 100.00000000 1.00000000
JUVUSDT 0.01000000 10.00000000 0.01000000
FIOBUSD 1.00000000 10.00000000 0.00010000
SCRTBUSD 0.10000000 10.00000000 0.00100000
AVAXBTC 0.01000000 0.00010000 0.00000010
PERPUSDT 0.01000000 10.00000000 0.00001000
ARPABUSD 0.10000000 10.00000000 0.00001000
NKNBTC 1.00000000 0.00010000 0.00000001
TRURUB 1.00000000 100.00000000 0.01000000
ETHAUD 0.00010000 10.00000000 0.01000000
UNFIBUSD 0.10000000 10.00000000 0.00100000
BATUSDT 1.00000000 10.00000000 0.00010000
ROSEBTC 1.00000000 0.00010000 0.00000001
ENJBRL 0.10000000 10.00000000 0.00100000
IMXUSDT 0.01000000 10.00000000 0.00100000
QUICKUSDT 0.00100000 10.00000000 0.10000000
UMABUSD 0.10000000 10.00000000 0.00100000
OSMOBUSD 0.01000000 10.00000000 0.00100000
CHZEUR 1.00000000 10.00000000 0.00010000
ETHUAH 0.00010000 100.00000000 1.00000000
FRONTBUSD 1.00000000 10.00000000 0.00010000
KNCETH 0.10000000 0.00500000 0.00000010
TOMOBUSD 0.10000000 10.00000000 0.00010000
LITUSDT 0.10000000 10.00000000 0.00100000
BNBBTC 0.00100000 0.00010000 0.00000100
ARDRUSDT 1.00000000 10.00000000 0.00010000
ETHBRL 0.00010000 10.00000000 0.01000000
CHZBNB 1.00000000 0.05000000 0.00000010
BETABTC 1.00000000 0.00010000 0.00000001
NEARBTC 0.10000000 0.00010000 0.00000001
GBPBUSD 0.10000000 10.00000000 0.00100000
NEAREUR 0.10000000 10.00000000 0.00100000
DASHETH 0.00100000 0.00500000 0.00001000
MDXBTC 0.10000000 0.00010000 0.00000001
ASRBTC 0.10000000 0.00010000 0.00000010
FLOWBNB 0.01000000 0.05000000 0.00000100
TRXBUSD 0.10000000 10.00000000 0.00001000
LAZIOBUSD 0.01000000 10.00000000 0.00010000
VITEBTC 1.00000000 0.00010000 0.00000001
BONDETH 0.00100000 0.00500000 0.00000100
STXBNB 0.10000000 0.05000000 0.00000100
BADGERUSDT 0.01000000 10.00000000 0.01000000
ATMBTC 0.01000000 0.00010000 0.00000010
XNOUSDT 0.01000000 10.00000000 0.00100000
CELRBTC 1.00000000 0.00010000 0.00000001
FIDABUSD 0.10000000 10.00000000 0.00010000
REQUSDT 1.00000000 10.00000000 0.00010000
DUSKBTC 1.00000000 0.00010000 0.00000001
FORUSDT 1.00000000 10.00000000 0.00001000
AVAXTRY 0.01000000 10.00000000 0.10000000
OPEUR 0.01000000 10.00000000 0.00100000
MOBUSDT 0.01000000 10.00000000 0.00100000
POWRBTC 1.00000000 0.00010000 0.00000001
CHESSBTC 0.10000000 0.00010000 0.00000001
XLMBTC 1.00000000 0.00010000 0.00000001
PAXGBNB 0.00010000 0.05000000 0.00100000
GALABRL 0.10000000 10.00000000 0.00010000
AMBBTC 1.00000000 0.00010000 0.00000001
BCHEUR 0.00100000 10.00000000 0.10000000
PYRBTC 0.00100000 0.00010000 0.00000010
LRCBTC 1.00000000 0.00010000 0.00000001
OXTUSDT 1.00000000 10.00000000 0.00010000
ALCXUSDT 0.00010000 10.00000000 0.01000000
QKCBUSD 1.00000000 10.00000000 0.00000100
DOGETRY 1.00000000 10.00000000 0.00100000
GRTUSDT 1.00000000 10.00000000 0.00010000
ENJUSDT 0.10000000 10.00000000 0.00010000
CTKBNB 0.10000000 0.05000000 0.00000100
CITYBUSD 0.01000000 10.00000000 0.01000000
EOSBTC 0.10000000 0.00010000 0.00000010
GMTGBP 0.10000000 10.00000000 0.00010000
RAREBTC 0.10000000 0.00010000 0.00000001
CLVBUSD 0.10000000 10.00000000 0.00001000
CTKBUSD 0.10000000 10.00000000 0.00100000
APTUSDT 0.01000000 10.00000000 0.00010000
RAREUSDT 0.10000000 10.00000000 0.00010000
QKCBTC 1.00000000 0.00010000 0.00000001
PYRUSDT 0.00100000 10.00000000 0.01000000
OMGETH 0.10000000 0.00500000 0.00000100
DOGEEUR 1.00000000 10.00000000 0.00001000
EGLDBNB 0.01000000 0.05000000 0.00010000
GMXBUSD 0.00100000 10.00000000 0.01000000
IOTABUSD 1.00000000 10.00000000 0.00010000
LOKABUSD 0.10000000 10.00000000 0.00010000
FLOWUSDT 0.01000000 10.00000000 0.00100000
ATOMBNB 0.01000000 0.05000000 0.00001000
IRISUSDT 0.10000000 10.00000000 0.00001000
BADGERBUSD 0.01000000 10.00000000 0.01000000
POWRBUSD 1.00000000 10.00000000 0.00010000
SANDUSDT 1.00000000 10.00000000 0.00010000
OCEANBUSD 1.00000000 10.00000000 0.00010000
WAVESUSDT 0.01000000 10.00000000 0.00100000
JASMYTRY 1.00000000 10.00000000 0.00000100
FARMBUSD 0.00100000 10.00000000 0.10000000
MULTIBTC 0.00100000 0.00010000 0.00000010
MOVRUSDT 0.00100000 10.00000000 0.01000000
CHRETH 0.10000000 0.00500000 0.00000010
GALEUR 0.00100000 10.00000000 0.00100000
WAVESETH 0.01000000 0.00500000 0.00000100
THETAUSDT 0.10000000 10.00000000 0.00100000
ILVBNB 0.00100000 0.05000000 0.00010000
RLCUSDT 0.10000000 10.00000000 0.00100000
JASMYETH 1.00000000 0.00500000 0.00000001
RVNTRY 0.01000000 10.00000000 0.00010000
RADBUSD 0.10000000 10.00000000 0.00100000
ALPINEUSDT 0.01000000 10.00000000 0.00010000
RIFBTC 1.00000000 0.00010000 0.00000001
VOXELUSDT 0.10000000 10.00000000 0.00010000
FLOWBUSD 0.01000000 10.00000000 0.00100000
BLZUSDT 1.00000000 10.00000000 0.00010000
SOLAUD 0.00100000 10.00000000 0.01000000
BELBTC 0.10000000 0.00010000 0.00000001
PAXGBUSD 0.00010000 10.00000000 1.00000000
AUDBUSD 1.00000000 10.00000000 0.00010000
CHESSBUSD 0.10000000 10.00000000 0.00010000
FLMBTC 1.00000000 0.00010000 0.00000001
GALBUSD 0.00100000 10.00000000 0.00100000
XRPBRL 1.00000000 10.00000000 0.00100000
BELBNB 0.10000000 0.05000000 0.00000100
CITYBNB 0.01000000 0.05000000 0.00001000
HIVEBTC 1.00000000 0.00010000 0.00000001
FORTHUSDT 0.01000000 10.00000000 0.01000000
LITETH 0.10000000 0.00500000 0.00000010
DOGEBIDR 1.00000000 20000.00 1.00
ADABUSD 0.10000000 10.00000000 0.00010000
HIGHBUSD 0.00100000 10.00000000 0.00100000
OXTBTC 1.00000000 0.00010000 0.00000001
MATICBRL 0.10000000 10.00000000 0.00100000
BCHBTC 0.00100000 0.00010000 0.00001000
C98BRL 0.10000000 10.00000000 0.00100000
APETRY 0.00100000 10.00000000 0.10000000
XVSBNB 0.01000000 0.05000000 0.00001000
OSMOUSDT 0.01000000 10.00000000 0.00100000
HOOKUSDT 0.10000000 10.00000000 0.00010000
QKCETH 1.00000000 0.00500000 0.00000001
SKLBUSD 1.00000000 10.00000000 0.00001000
STRAXUSDT 0.10000000 10.00000000 0.00100000
FETBUSD 1.00000000 10.00000000 0.00010000
LAZIOTRY 0.01000000 10.00000000 0.00100000
NEBLUSDT 0.10000000 10.00000000 0.00100000
JSTBUSD 0.10000000 10.00000000 0.00001000
WAVESEUR 0.01000000 10.00000000 0.00100000
GALBRL 0.01000000 10.00000000 0.01000000
RPLUSDT 0.01000000 10.00000000 0.01000000
MCBNB 0.01000000 0.05000000 0.00000100
MINATRY 0.01000000 10.00000000 0.01000000
ONTETH 1.00000000 0.00500000 0.00000010
WAVESBTC 0.01000000 0.00010000 0.00000010
NEARUSDT 0.10000000 10.00000000 0.00100000
SNXUSDT 0.10000000 10.00000000 0.00100000
API3BTC 0.01000000 0.00010000 0.00000001
AUDIOUSDT 0.10000000 10.00000000 0.00010000
CHRBTC 1.00000000 0.00010000 0.00000001
ONGUSDT 1.00000000 10.00000000 0.00010000
DARBNB 1.00000000 0.05000000 0.00000001
SOLBNB 0.01000000 0.05000000 0.00010000
INJUSDT 0.10000000 10.00000000 0.00100000
NULSBUSD 1.00000000 10.00000000 0.00010000
FTMUSDT 1.00000000 10.00000000 0.00010000
DIABTC 0.10000000 0.00010000 0.00000001
FXSBTC 0.10000000 0.00010000 0.00000001
GALABNB 1.00000000 0.05000000 0.00000001
XLMUSDT 1.00000000 10.00000000 0.00010000
MDXBUSD 0.10000000 10.00000000 0.00010000
LINKBTC 0.01000000 0.00010000 0.00000010
ANKRBTC 1.00000000 0.00010000 0.00000001
HBARBTC 1.00000000 0.00010000 0.00000001
ACMUSDT 0.10000000 10.00000000 0.00100000
ACHBTC 1.00000000 0.00010000 0.00000001
LOKAUSDT 0.10000000 10.00000000 0.00010000
DGBBTC 1.00000000 0.00010000 0.00000001
YFIUSDT 0.00001000 10.00000000 1.00000000
ALCXBUSD 0.00010000 10.00000000 0.01000000
XRPRUB 1.00000000 100.00000000 0.01000000
EOSETH 0.10000000 0.00500000 0.00000100
PLABNB 0.01000000 0.05000000 0.00000010
AUCTIONBUSD 0.01000000 10.00000000 0.01000000
GMTBRL 0.10000000 10.00000000 0.00100000
PAXGBTC 0.00010000 0.00010000 0.00001000
LINABUSD 0.01000000 10.00000000 0.00000100
TKOBTC 0.10000000 0.00010000 0.00000001
SUSHIBUSD 0.10000000 10.00000000 0.00100000
MAGICUSDT 0.10000000 10.00000000 0.00010000
BETABUSD 1.00000000 10.00000000 0.00001000
RLCETH 0.10000000 0.00500000 0.00000100
ENJETH 0.10000000 0.00500000 0.00000010
LTCGBP 0.00100000 10.00000000 0.01000000
WOOBTC 0.10000000 0.00010000 0.00000001
VETBUSD 0.10000000 10.00000000 0.00001000
TWTTRY 0.01000000 10.00000000 0.01000000
MAGICBTC 0.10000000 0.00010000 0.00000001
PERPBTC 0.01000000 0.00010000 0.00000001
GLMRBUSD 0.10000000 10.00000000 0.00010000
BUSDUSDT 1.00000000 10.00000000 0.00010000
PSGBTC 0.01000000 0.00010000 0.00000010
VETUSDT 0.10000000 10.00000000 0.00001000
CAKEUSDT 0.01000000 10.00000000 0.00100000
XTZETH 0.01000000 0.00500000 0.00000100
ATOMBTC 0.01000000 0.00010000 0.00000010
APEBRL 0.01000000 10.00000000 0.01000000
ADXUSDT 1.00000000 10.00000000 0.00010000
ETHBIDR 0.00010000 20000.00 1.00
IOTABNB 1.00000000 0.05000000 0.00000100
ICPEUR 0.01000000 10.00000000 0.00100000
STORJUSDT 1.00000000 10.00000000 0.00010000
BTSBTC 1.00000000 0.00010000 0.00000001
RENBTC 1.00000000 0.00010000 0.00000001
DYDXBTC 0.01000000 0.00010000 0.00000001
AVAXAUD 0.01000000 10.00000000 0.01000000
ZECETH 0.00100000 0.00500000 0.00001000
XNOETH 0.01000000 0.00500000 0.00000010
AAVEBNB 0.00100000 0.05000000 0.00010000
BNBUSDT 0.00100000 10.00000000 0.10000000
STMXBUSD 1.00000000 10.00000000 0.00000100
GALBTC 0.00100000 0.00010000 0.00000001
YGGBUSD 0.10000000 10.00000000 0.00010000
ONTTRY 1.00000000 10.00000000 0.00100000
ICPTRY 0.00100000 10.00000000 0.10000000
ATOMETH 0.00100000 0.00500000 0.00000100
AXSUSDT 0.01000000 10.00000000 0.01000000
OGBTC 0.10000000 0.00010000 0.00000010
FISBTC 1.00000000 0.00010000 0.00000001
LINKBRL 0.01000000 10.00000000 0.01000000
BONDUSDT 0.01000000 10.00000000 0.00100000
AVAXBUSD 0.01000000 10.00000000 0.01000000
INJBUSD 0.10000000 10.00000000 0.00100000
MATICTRY 0.10000000 10.00000000 0.00100000
ALICEUSDT 0.01000000 10.00000000 0.00100000
MOBBTC 0.01000000 0.00010000 0.00000001
RUNEEUR 0.10000000 10.00000000 0.00100000
APEETH 0.00100000 0.00500000 0.00000100
INJBNB 0.10000000 0.05000000 0.00001000
SOLEUR 0.01000000 10.00000000 0.01000000
ANKRTRY 1.00000000 10.00000000 0.00010000
GASBUSD 0.10000000 10.00000000 0.00100000
TLMUSDT 1.00000000 10.00000000 0.00001000
BNXBUSD 0.00100000 10.00000000 0.10000000
ONEBUSD 0.10000000 10.00000000 0.00001000
UNIEUR 0.01000000 10.00000000 0.00100000
SXPTRY 0.10000000 10.00000000 0.00100000
CELRUSDT 0.10000000 10.00000000 0.00001000
SNXETH 0.01000000 0.00500000 0.00000100
YGGBTC 0.10000000 0.00010000 0.00000001
ICPBUSD 0.01000000 10.00000000 0.00100000
BTCEUR 0.00001000 10.00000000 0.01000000
PORTOBTC 0.01000000 0.00010000 0.00000001
ENSTRY 0.00100000 10.00000000 0.10000000
LINKUSDT 0.01000000 10.00000000 0.00100000
AXSBRL 0.01000000 10.00000000 0.10000000
AVAXBRL 0.01000000 10.00000000 0.10000000
CHZUSDT 1.00000000 10.00000000 0.00010000
SUPERBUSD 1.00000000 10.00000000 0.00010000
UMABTC 0.10000000 0.00010000 0.00000010
DASHBUSD 0.00100000 10.00000000 0.01000000
DATABUSD 0.10000000 10.00000000 0.00001000
PEOPLEUSDT 0.10000000 10.00000000 0.00001000
GALATRY 0.10000000 10.00000000 0.00010000
LITBUSD 0.10000000 10.00000000 0.00100000
STRAXBUSD 0.10000000 10.00000000 0.00100000
FTMRUB 0.10000000 100.00000000 0.01000000
RIFUSDT 1.00000000 10.00000000 0.00010000
DOTTRY 0.01000000 10.00000000 0.10000000
CAKEBUSD 0.01000000 10.00000000 0.00100000
MCUSDT 0.01000000 10.00000000 0.00100000
BTSUSDT 0.10000000 10.00000000 0.00001000
BAKEUSDT 0.10000000 10.00000000 0.00010000
BETAETH 0.10000000 0.00500000 0.00000010
SFPBTC 1.00000000 0.00010000 0.00000001
COTIBNB 1.00000000 0.05000000 0.00000010
NEARBNB 0.10000000 0.05000000 0.00000100
CLVBTC 0.10000000 0.00010000 0.00000001
COMPBTC 0.00100000 0.00010000 0.00000100
JOEBTC 0.01000000 0.00010000 0.00000001
NEBLBTC 0.10000000 0.00010000 0.00000001
CRVBUSD 0.10000000 10.00000000 0.00100000
TOMOBTC 0.10000000 0.00010000 0.00000001
SANTOSBUSD 0.01000000 10.00000000 0.00100000
CLVUSDT 0.10000000 10.00000000 0.00001000
NEARRUB 0.00100000 100.00000000 0.10000000
SNMBTC 1.00000000 0.00010000 0.00000001
EOSBNB 0.10000000 0.05000000 0.00001000
ASRBUSD 0.10000000 10.00000000 0.00100000
STGBUSD 0.10000000 10.00000000 0.00010000
LINKBUSD 0.01000000 10.00000000 0.00100000
1INCHBUSD 0.10000000 10.00000000 0.00100000
CHESSUSDT 0.10000000 10.00000000 0.00010000
THETABNB 0.10000000 0.05000000 0.00001000
ICPUSDT 0.01000000 10.00000000 0.00100000
NEOUSDT 0.01000000 10.00000000 0.01000000
DEGOBUSD 0.01000000 10.00000000 0.00100000
UTKBUSD 1.00000000 10.00000000 0.00010000
BNBETH 0.00100000 0.00500000 0.00010000
MDXUSDT 0.10000000 10.00000000 0.00010000
STPTBTC 1.00000000 0.00010000 0.00000001
QNTBUSD 0.00100000 10.00000000 0.10000000
ACHBUSD 1.00000000 10.00000000 0.00001000
ENJBUSD 0.10000000 10.00000000 0.00010000
ETHGBP 0.00010000 10.00000000 0.01000000
POWRUSDT 1.00000000 10.00000000 0.00010000
DEGOBTC 0.01000000 0.00010000 0.00000001
STXBTC 0.10000000 0.00010000 0.00000001
OPBTC 0.01000000 0.00010000 0.00000001
OPUSDT 0.01000000 10.00000000 0.00100000
VITEUSDT 0.10000000 10.00000000 0.00001000
ZECBNB 0.00100000 0.05000000 0.00010000
MATICRUB 0.10000000 100.00000000 0.01000000
ALPINEBTC 0.01000000 0.00010000 0.00000001
GMTBUSD 0.10000000 10.00000000 0.00010000
BALBTC 0.01000000 0.00010000 0.00000010
SYSBTC 1.00000000 0.00010000 0.00000001
HIVEUSDT 1.00000000 10.00000000 0.00010000
UNFIUSDT 0.10000000 10.00000000 0.00100000
BAKEBUSD 0.10000000 10.00000000 0.00010000
QNTUSDT 0.00100000 10.00000000 0.10000000
BNBBRL 0.00100000 10.00000000 1.00000000
SANDAUD 1.00000000 10.00000000 0.00010000
XMRUSDT 0.00100000 10.00000000 0.10000000
STORJBUSD 1.00000000 10.00000000 0.00010000
SYSBUSD 1.00000000 10.00000000 0.00010000
ZILETH 1.00000000 0.00500000 0.00000001
BALBUSD 0.01000000 10.00000000 0.00100000
CHZBUSD 1.00000000 10.00000000 0.00010000
XRPAUD 1.00000000 10.00000000 0.00010000
LSKETH 0.10000000 0.00500000 0.00000100
MDTBUSD 0.10000000 10.00000000 0.00001000
IOTXETH 1.00000000 0.00500000 0.00000001
AXSTRY 0.00100000 10.00000000 0.10000000
AXSBTC 0.01000000 0.00010000 0.00000100
XMRBUSD 0.00100000 10.00000000 0.10000000
ARPARUB 1.00000000 100.00000000 0.00100000
CTSIBTC 1.00000000 0.00010000 0.00000001
ETHBUSD 0.00010000 10.00000000 0.01000000
NEOBTC 0.01000000 0.00010000 0.00000100
VIDTUSDT 1.00000000 10.00000000 0.00001000
WOOBUSD 0.10000000 10.00000000 0.00010000
MATICAUD 0.10000000 10.00000000 0.00010000
BATETH 1.00000000 0.00500000 0.00000010
USDTDAI 0.10000000 10.00000000 0.00010000
NEOBNB 0.01000000 0.05000000 0.00010000
PHABTC 1.00000000 0.00010000 0.00000001
IOTAUSDT 1.00000000 10.00000000 0.00010000
DOTEUR 0.01000000 10.00000000 0.00100000
MTLETH 0.10000000 0.00500000 0.00000010
IOSTBUSD 0.10000000 10.00000000 0.00001000
CITYBTC 0.01000000 0.00010000 0.00000010
ALPHABUSD 1.00000000 10.00000000 0.00010000
RPLBTC 0.01000000 0.00010000 0.00000100
ILVBTC 0.00100000 0.00010000 0.00000100
CTSIUSDT 1.00000000 10.00000000 0.00010000
BUSDDAI 0.10000000 10.00000000 0.00010000
SCRTUSDT 0.10000000 10.00000000 0.00100000
BARUSDT 0.01000000 10.00000000 0.01000000
COSBUSD 0.10000000 10.00000000 0.00001000
VETTRY 0.10000000 10.00000000 0.00010000
PLABUSD 0.01000000 10.00000000 0.00010000
MOBBUSD 0.01000000 10.00000000 0.00100000
FIROUSDT 0.10000000 10.00000000 0.00100000
CHRBNB 1.00000000 0.05000000 0.00000010
API3TRY 0.01000000 10.00000000 0.01000000
XVSUSDT 0.01000000 10.00000000 0.01000000
CELOUSDT 0.10000000 10.00000000 0.00100000
ACHUSDT 1.00000000 10.00000000 0.00001000
XTZBNB 0.10000000 0.05000000 0.00000100
ALPINETRY 0.01000000 10.00000000 0.01000000
HIGHUSDT 0.00100000 10.00000000 0.00100000
DOTETH 0.01000000 0.00500000 0.00000100
PSGBUSD 0.01000000 10.00000000 0.01000000
WANBTC 1.00000000 0.00010000 0.00000001
FETBTC 1.00000000 0.00010000 0.00000001
PHBBUSD 1.00000000 10.00000000 0.00010000
BTCDAI 0.00001000 10.00000000 0.01000000
RADBNB 0.10000000 0.05000000 0.00001000
GALBNB 0.00100000 0.05000000 0.00000100
SSVBUSD 0.00100000 10.00000000 0.01000000
PROMBTC 0.01000000 0.00010000 0.00000010
COSBNB 1.00000000 0.05000000 0.00000001
OGUSDT 0.10000000 10.00000000 0.00100000
DOCKBUSD 1.00000000 10.00000000 0.00001000
APEBUSD 0.01000000 10.00000000 0.00100000
ETCTRY 0.00100000 10.00000000 0.10000000
VETETH 1.00000000 0.00500000 0.00000001
AMPUSDT 1.00000000 10.00000000 0.00001000
USDTTRY 1.00000000 10.00000000 0.01000000
ZENBTC 0.01000000 0.00010000 0.00000100
FLUXUSDT 0.01000000 10.00000000 0.00100000
GMTBNB 0.10000000 0.05000000 0.00000100
ASTRBUSD 0.10000000 10.00000000 0.00010000
WBTCBUSD 0.00001000 10.00000000 0.01000000
ELFETH 1.00000000 0.00500000 0.00000010
ETHPLN 0.00010000 50.00000000 1.00000000
MOVRBUSD 0.00100000 10.00000000 0.01000000
CHZTRY 1.00000000 10.00000000 0.00100000
INJBTC 0.10000000 0.00010000 0.00000010
POLYXUSDT 0.10000000 10.00000000 0.00010000
FXSUSDT 0.10000000 10.00000000 0.00100000
YFIBUSD 0.00001000 10.00000000 1.00000000
TRXEUR 1.00000000 10.00000000 0.00001000
AVAXBNB 0.01000000 0.05000000 0.00001000
LAZIOUSDT 0.01000000 10.00000000 0.00010000
MINABUSD 0.10000000 10.00000000 0.00100000
POLYXBUSD 0.10000000 10.00000000 0.00010000
ZILBTC 1.00000000 0.00010000 0.00000001
HFTBTC 0.10000000 0.00010000 0.00000001
MCBUSD 0.01000000 10.00000000 0.00100000
ENJBTC 0.10000000 0.00010000 0.00000001
IOTABTC 1.00000000 0.00010000 0.00000001
SOLBUSD 0.01000000 10.00000000 0.01000000
MINABNB 0.10000000 0.05000000 0.00000100
TRXTRY 1.00000000 10.00000000 0.00010000
APEBTC 0.01000000 0.00010000 0.00000001
YGGBNB 0.10000000 0.05000000 0.00000100
FISBRL 0.10000000 10.00000000 0.00100000
ALPINEBUSD 0.01000000 10.00000000 0.00010000
C98BNB 0.10000000 0.05000000 0.00000100
LTCEUR 0.00100000 10.00000000 0.01000000
COSUSDT 0.10000000 10.00000000 0.00001000
AIONUSDT 1.00000000 10.00000000 0.00001000
APEBNB 0.00100000 0.05000000 0.00001000
ETHBTC 0.00010000 0.00010000 0.00000100
LTCBTC 0.00100000 0.00010000 0.00000100
ICXBUSD 0.10000000 10.00000000 0.00010000
BELTRY 0.01000000 10.00000000 0.01000000
ATOMBRL 0.00100000 10.00000000 0.01000000
JUVBTC 0.01000000 0.00010000 0.00000010
HFTUSDT 0.10000000 10.00000000 0.00010000
ANTBNB 0.10000000 0.05000000 0.00001000
AUDIOTRY 0.01000000 10.00000000 0.00100000
UNIBTC 0.01000000 0.00010000 0.00000010
GLMRBTC 0.10000000 0.00010000 0.00000001
MCBTC 0.01000000 0.00010000 0.00000001
KAVAETH 0.01000000 0.00500000 0.00000100
ZENBUSD 0.01000000 10.00000000 0.01000000
ONEBTC 1.00000000 0.00010000 0.00000001
COMPBUSD 0.00100000 10.00000000 0.01000000
CHZBRL 1.00000000 10.00000000 0.00100000
HARDUSDT 1.00000000 10.00000000 0.00010000
ALPHAUSDT 1.00000000 10.00000000 0.00010000
ETHZAR 0.00010000 200.00000000 1.00000000
HIVEBUSD 1.00000000 10.00000000 0.00010000
ADARUB 0.10000000 100.00000000 0.01000000
ICPETH 0.00100000 0.00500000 0.00000100
REQBUSD 1.00000000 10.00000000 0.00010000
KNCBUSD 0.10000000 10.00000000 0.00100000
ALICETRY 0.00100000 10.00000000 0.01000000
BALUSDT 0.01000000 10.00000000 0.00100000
BELBUSD 0.10000000 10.00000000 0.00100000
YGGUSDT 0.10000000 10.00000000 0.00010000
GALUSDT 0.00100000 10.00000000 0.00100000
FTMEUR 1.00000000 10.00000000 0.00010000
OMGBTC 0.10000000 0.00010000 0.00000010
AXSBNB 0.01000000 0.05000000 0.00010000
ARBUSD 0.01000000 10.00000000 0.01000000
MANABTC 1.00000000 0.00010000 0.00000001
MULTIUSDT 0.00100000 10.00000000 0.01000000
MATICBIDR 0.10000000 20000.00 1.00
OMBTC 1.00000000 0.00010000 0.00000001
AXSAUD 0.01000000 10.00000000 0.01000000
ONEETH 0.10000000 0.00500000 0.00000001
BETAUSDT 1.00000000 10.00000000 0.00001000
WAVESBNB 0.01000000 0.05000000 0.00001000
CITYUSDT 0.01000000 10.00000000 0.01000000
AUTOUSDT 0.00100000 10.00000000 0.10000000
DREPUSDT 1.00000000 10.00000000 0.00010000
XRPTRY 1.00000000 10.00000000 0.00100000
BNBBIDR 0.00100000 20000.00 1.00
STXBUSD 0.10000000 10.00000000 0.00100000
DREPBUSD 1.00000000 10.00000000 0.00010000
MBOXUSDT 0.10000000 10.00000000 0.00100000
OPBUSD 0.01000000 10.00000000 0.00100000
DOTBTC 0.01000000 0.00010000 0.00000010
OCEANBTC 1.00000000 0.00010000 0.00000001
AGLDBTC 0.10000000 0.00010000 0.00000001
DIAUSDT 0.10000000 10.00000000 0.00100000
TRBUSDT 0.01000000 10.00000000 0.01000000
SXPBTC 0.10000000 0.00010000 0.00000001
CTXCUSDT 1.00000000 10.00000000 0.00010000
RPLBUSD 0.01000000 10.00000000 0.01000000
DIABUSD 0.10000000 10.00000000 0.00100000
LINKAUD 0.01000000 10.00000000 0.00100000
SNTETH 1.00000000 0.00500000 0.00000001
ADAAUD 0.10000000 10.00000000 0.00010000
IOTAETH 1.00000000 0.00500000 0.00000010
SUSHIBTC 0.10000000 0.00010000 0.00000010
SKLUSDT 1.00000000 10.00000000 0.00001000
JASMYBTC 0.10000000 0.00010000 0.00000001
CFXUSDT 1.00000000 10.00000000 0.00010000
DOGEGBP 1.00000000 10.00000000 0.00001000
ASRUSDT 0.10000000 10.00000000 0.00100000
C98USDT 0.10000000 10.00000000 0.00010000
BUSDPLN 1.00000000 50.00000000 0.00100000
EGLDETH 0.00010000 0.00500000 0.00001000
ADAEUR 0.10000000 10.00000000 0.00010000
LITBTC 0.10000000 0.00010000 0.00000001
ONEUSDT 0.10000000 10.00000000 0.00001000
SNXBUSD 0.10000000 10.00000000 0.00100000
MATICUSDT 0.10000000 10.00000000 0.00010000
RADUSDT 0.10000000 10.00000000 0.00100000
DOGEBUSD 1.00000000 10.00000000 0.00001000
ETCETH 0.01000000 0.00500000 0.00001000
GMTTRY 0.01000000 10.00000000 0.01000000
OMBUSD 1.00000000 10.00000000 0.00010000
ARPAETH 1.00000000 0.00500000 0.00000001
BNXBTC 0.00100000 0.00010000 0.00000100
WBTCETH 0.00001000 0.00500000 0.01000000
ZENETH 0.01000000 0.00500000 0.00001000
BNBTRY 0.00100000 10.00000000 1.00000000
ETHDAI 0.00010000 10.00000000 0.01000000
RUNEBTC 0.10000000 0.00010000 0.00000010
ALGOTRY 0.10000000 10.00000000 0.00100000
MBOXBNB 0.10000000 0.05000000 0.00000100
DOGEUSDT 1.00000000 10.00000000 0.00001000
MULTIBUSD 0.00100000 10.00000000 0.01000000
JSTBTC 1.00000000 0.00010000 0.00000001
SOLBRL 0.01000000 10.00000000 0.10000000
ENSUSDT 0.01000000 10.00000000 0.01000000
C98BTC 0.10000000 0.00010000 0.00000001
BNBUAH 0.00100000 100.00000000 1.00000000
XLMBUSD 1.00000000 10.00000000 0.00010000
RUNEGBP 0.10000000 10.00000000 0.00100000
ALPINEEUR 0.01000000 10.00000000 0.00010000
CHRBUSD 1.00000000 10.00000000 0.00010000
DASHUSDT 0.00100000 10.00000000 0.01000000
PAXGUSDT 0.00010000 10.00000000 1.00000000
STGBTC 0.10000000 0.00010000 0.00000001
ROSEETH 0.10000000 0.00500000 0.00000010
NMRBTC 0.01000000 0.00010000 0.00000100
CVXUSDT 0.00100000 10.00000000 0.00100000
VETBNB 1.00000000 0.05000000 0.00000010
ASTRBTC 0.10000000 0.00010000 0.00000001
STEEMBUSD 0.10000000 10.00000000 0.00010000
TRXETH 1.00000000 0.00500000 0.00000001
PROMBUSD 0.01000000 10.00000000 0.01000000
ALICEBUSD 0.01000000 10.00000000 0.00100000
ASTRUSDT 0.10000000 10.00000000 0.00010000
LRCBNB 0.01000000 0.05000000 0.00000100
ANTUSDT 0.10000000 10.00000000 0.00100000
MDTBTC 1.00000000 0.00010000 0.00000001
EOSTRY 0.10000000 10.00000000 0.01000000
HBARUSDT 1.00000000 10.00000000 0.00010000
WOOUSDT 0.10000000 10.00000000 0.00010000
NULSUSDT 1.00000000 10.00000000 0.00010000
XLMETH 1.00000000 0.00500000 0.00000010
UTKBTC 1.00000000 0.00010000 0.00000001
OMUSDT 1.00000000 10.00000000 0.00010000
FRONTBTC 1.00000000 0.00010000 0.00000001
CRVUSDT 0.10000000 10.00000000 0.00100000
DGBBUSD 0.10000000 10.00000000 0.00001000
TRXBTC 1.00000000 0.00010000 0.00000001
BLZBTC 1.00000000 0.00010000 0.00000001
ANKRBNB 1.00000000 0.05000000 0.00000010
NEXOBUSD 0.01000000 10.00000000 0.00100000
GBPUSDT 0.10000000 10.00000000 0.00100000
BNBEUR 0.00100000 10.00000000 0.10000000
GALAEUR 1.00000000 10.00000000 0.00001000
OGNBUSD 0.10000000 10.00000000 0.00010000
IMXBUSD 0.01000000 10.00000000 0.00100000
BNBDAI 0.00100000 10.00000000 0.10000000
BNTETH 0.10000000 0.00500000 0.00000100
GTCUSDT 0.10000000 10.00000000 0.00100000
DASHBNB 0.00100000 0.05000000 0.00010000
LPTBNB 0.01000000 0.05000000 0.00001000
LINKBNB 0.00100000 0.05000000 0.00001000
XVSBUSD 0.01000000 10.00000000 0.01000000
SXPUSDT 0.10000000 10.00000000 0.00010000
MKRBUSD 0.00010000 10.00000000 1.00000000
RUNETRY 0.01000000 10.00000000 0.01000000
GTCBUSD 0.10000000 10.00000000 0.00100000
APTBTC 0.01000000 0.00010000 0.00000001
NEARBUSD 0.10000000 10.00000000 0.00100000
ENJEUR 0.10000000 10.00000000 0.00010000
SNTBTC 1.00000000 0.00010000 0.00000001
IRISBTC 1.00000000 0.00010000 0.00000001
BANDBUSD 0.10000000 10.00000000 0.00100000
POLYXBTC 0.10000000 0.00010000 0.00000001
THETABUSD 0.10000000 10.00000000 0.00100000
AUCTIONBTC 0.01000000 0.00010000 0.00000010
CELOBUSD 0.10000000 10.00000000 0.00100000
AMPBTC 1.00000000 0.00010000 0.00000001
GLMBTC 1.00000000 0.00010000 0.00000001
ADABIDR 0.10000000 20000.00 1.00
APEAUD 0.01000000 10.00000000 0.00100000
VOXELBNB 0.10000000 0.05000000 0.00000010
ACAUSDT 0.01000000 10.00000000 0.00010000
DOCKBTC 1.00000000 0.00010000 0.00000001
GMTUSDT 0.10000000 10.00000000 0.00010000
BATBUSD 1.00000000 10.00000000 0.00010000
LINKTRY 0.01000000 10.00000000 0.10000000
XVSBTC 0.01000000 0.00010000 0.00000010
ZILTRY 0.10000000 10.00000000 0.00100000
RVNBUSD 0.10000000 10.00000000 0.00001000
BTCPLN 0.00001000 50.00000000 1.00000000
NEARETH 0.00100000 0.00500000 0.00000100
IMXBNB 0.01000000 0.05000000 0.00000100
VETEUR 0.01000000 10.00000000 0.00001000
IDEXBNB 0.10000000 0.05000000 0.00000010
XRPUSDT 1.00000000 10.00000000 0.00010000
RENUSDT 1.00000000 10.00000000 0.00000100
DATABTC 1.00000000 0.00010000 0.00000001
GMTBTC 0.10000000 0.00010000 0.00000001
SANDBTC 1.00000000 0.00010000 0.00000001
STORJBTC 1.00000000 0.00010000 0.00000001
WBTCBTC 0.00001000 0.00010000 0.00010000
AVAXEUR 0.01000000 10.00000000 0.01000000
KNCUSDT 0.10000000 10.00000000 0.00100000
MLNBUSD 0.00100000 10.00000000 0.01000000
ROSETRY 0.10000000 10.00000000 0.00100000
ALGOBNB 1.00000000 0.05000000 0.00000100
OSMOBTC 0.01000000 0.00010000 0.00000001
WAXPBUSD 1.00000000 10.00000000 0.00010000
APEUSDT 0.01000000 10.00000000 0.00100000
GRTTRY 1.00000000 10.00000000 0.00100000
SXPBNB 0.10000000 0.05000000 0.00000100
FILBNB 0.01000000 0.05000000 0.00001000
TKOBIDR 0.10000000 20000.00 0.01
SANTOSBRL 0.01000000 10.00000000 0.01000000
KDABTC 0.01000000 0.00010000 0.00000010
TOMOUSDT 0.10000000 10.00000000 0.00010000
FARMBTC 0.00100000 0.00010000 0.00000100
WAVESBUSD 0.01000000 10.00000000 0.00100000
KSMBTC 0.00100000 0.00010000 0.00000100
ACMBTC 0.10000000 0.00010000 0.00000010
ALPACABUSD 0.10000000 10.00000000 0.00010000
XTZTRY 0.01000000 10.00000000 0.01000000
POWRETH 1.00000000 0.00500000 0.00000010
CRVBTC 0.10000000 0.00010000 0.00000001
QIUSDT 1.00000000 10.00000000 0.00001000
DOGERUB 1.00000000 100.00000000 0.00100000
WRXBTC 0.10000000 0.00010000 0.00000001
AXSETH 0.00100000 0.00500000 0.00001000
NEORUB 0.00100000 100.00000000 1.00000000
OGNUSDT 1.00000000 10.00000000 0.00010000
AAVEBTC 0.00100000 0.00010000 0.00000100
DOTAUD 0.01000000 10.00000000 0.00100000
FILETH 0.01000000 0.00500000 0.00000100
OGNBTC 1.00000000 0.00010000 0.00000001
LPTBTC 0.01000000 0.00010000 0.00000010
ALCXBTC 0.00010000 0.00010000 0.00000100
ATOMTRY 0.00100000 10.00000000 0.10000000
XRPETH 1.00000000 0.00500000 0.00000010
STRAXBTC 0.10000000 0.00010000 0.00000001
TLMBUSD 1.00000000 10.00000000 0.00001000
KAVAUSDT 0.10000000 10.00000000 0.00100000
NEOTRY 0.01000000 10.00000000 0.10000000
DOCKUSDT 1.00000000 10.00000000 0.00001000
MINAUSDT 0.10000000 10.00000000 0.00100000
TKOBUSD 0.10000000 10.00000000 0.00010000
FRONTUSDT 1.00000000 10.00000000 0.00010000
MOVRBTC 0.00100000 0.00010000 0.00000010
STPTBUSD 0.10000000 10.00000000 0.00001000
STPTUSDT 0.10000000 10.00000000 0.00001000
SYSUSDT 1.00000000 10.00000000 0.00010000
AUDIOBUSD 0.10000000 10.00000000 0.00010000
VIBBTC 1.00000000 0.00010000 0.00000001
LOKABNB 0.10000000 0.05000000 0.00000010
HOOKBNB 0.10000000 0.05000000 0.00000010
JUVBUSD 0.01000000 10.00000000 0.01000000
BAKEBTC 0.10000000 0.00010000 0.00000001
AAVEUSDT 0.00100000 10.00000000 0.10000000
ICXUSDT 0.10000000 10.00000000 0.00010000
FORBTC 1.00000000 0.00010000 0.00000001
LTOBTC 1.00000000 0.00010000 0.00000001
MINABTC 0.10000000 0.00010000 0.00000001
ELFBTC 1.00000000 0.00010000 0.00000001
FLUXBUSD 0.01000000 10.00000000 0.00100000
JOEBUSD 0.01000000 10.00000000 0.00010000
ONEBNB 1.00000000 0.05000000 0.00000010
PORTOBUSD 0.01000000 10.00000000 0.00010000
COTIUSDT 1.00000000 10.00000000 0.00010000
CHZBTC 1.00000000 0.00010000 0.00000001
FTMBUSD 1.00000000 10.00000000 0.00010000
CRVETH 0.01000000 0.00500000 0.00000100
CELRBUSD 1.00000000 10.00000000 0.00001000
API3USDT 0.01000000 10.00000000 0.00100000
MKRUSDT 0.00010000 10.00000000 1.00000000
LRCETH 1.00000000 0.00500000 0.00000001
LTCUAH 0.00100000 100.00000000 1.00000000
MATICETH 0.10000000 0.00500000 0.00000010
QNTBNB 0.00100000 0.05000000 0.00010000
DYDXBNB 0.01000000 0.05000000 0.00000100
ONTBUSD 1.00000000 10.00000000 0.00010000
PORTOTRY 0.01000000 10.00000000 0.01000000
RNDRUSDT 0.01000000 10.00000000 0.00100000
POLSBTC 0.10000000 0.00010000 0.00000001
NEBLBUSD 0.10000000 10.00000000 0.00100000
LRCTRY 0.10000000 10.00000000 0.01000000
WAVESTRY 0.00100000 10.00000000 0.10000000
LINKGBP 0.01000000 10.00000000 0.00100000
AUTOBTC 0.00100000 0.00010000 0.00001000
GALAUSDT 1.00000000 10.00000000 0.00001000
BONDBUSD 0.01000000 10.00000000 0.00100000
THETAETH 0.10000000 0.00500000 0.00000100
NMRUSDT 0.01000000 10.00000000 0.01000000
PLAUSDT 0.01000000 10.00000000 0.00010000
ZECBUSD 0.00100000 10.00000000 0.10000000
KMDUSDT 1.00000000 10.00000000 0.00010000
UTKUSDT 1.00000000 10.00000000 0.00010000
PHABUSD 1.00000000 10.00000000 0.00010000
FISBUSD 1.00000000 10.00000000 0.00010000
MTLBUSD 0.10000000 10.00000000 0.00100000
PHBBTC 0.10000000 0.00010000 0.00000001
GLMBUSD 0.10000000 10.00000000 0.00010000
VIBBUSD 1.00000000 10.00000000 0.00001000
SUSHIUSDT 0.10000000 10.00000000 0.00100000
BONDBTC 0.01000000 0.00010000 0.00000010
XRPBUSD 1.00000000 10.00000000 0.00010000
ATABTC 1.00000000 0.00010000 0.00000001
VITEBUSD 0.10000000 10.00000000 0.00001000
FIOUSDT 1.00000000 10.00000000 0.00010000
SXPEUR 0.10000000 10.00000000 0.00010000
SOLBIDR 0.00010000 20000.00 1.00
FTMAUD 1.00000000 10.00000000 0.00010000
FIROBTC 0.10000000 0.00010000 0.00000010
SOLTRY 0.01000000 10.00000000 0.10000000
MATICBNB 0.10000000 0.05000000 0.00000100
MATICBTC 0.10000000 0.00010000 0.00000001
IOSTUSDT 1.00000000 10.00000000 0.00001000
ATMBUSD 0.01000000 10.00000000 0.01000000
TRBBUSD 0.01000000 10.00000000 0.01000000
ALICEBTC 0.01000000 0.00010000 0.00000010
BNBAUD 0.00100000 10.00000000 0.10000000
XLMBNB 1.00000000 0.05000000 0.00000010
AUDUSDT 1.00000000 10.00000000 0.00010000
REQBTC 1.00000000 0.00010000 0.00000001
GLMRBNB 0.01000000 0.05000000 0.00000100
RADBTC 0.10000000 0.00010000 0.00000010
ALICEBNB 0.00100000 0.05000000 0.00000100
CFXBTC 1.00000000 0.00010000 0.00000001
DEGOUSDT 0.01000000 10.00000000 0.00100000
ETHEUR 0.00010000 10.00000000 0.01000000
TRXXRP 0.10000000 10.00000000 0.00001000
KAVABTC 0.10000000 0.00010000 0.00000010
SANDBRL 0.01000000 10.00000000 0.01000000
FORBUSD 0.10000000 10.00000000 0.00001000
WANUSDT 1.00000000 10.00000000 0.00010000
ARUSDT 0.01000000 10.00000000 0.01000000
DCRUSDT 0.00100000 10.00000000 0.10000000
WINGUSDT 0.01000000 10.00000000 0.01000000
IDEXUSDT 0.10000000 10.00000000 0.00001000
AVABUSD 0.10000000 10.00000000 0.00100000
MANAUSDT 1.00000000 10.00000000 0.00010000
ELFUSDT 0.10000000 10.00000000 0.00010000
LTCRUB 0.00100000 100.00000000 0.10000000
DODOBTC 0.10000000 0.00010000 0.00000001
COSTRY 1.00000000 10.00000000 0.00010000
LSKUSDT 0.10000000 10.00000000 0.00100000
BCHBUSD 0.00100000 10.00000000 0.10000000
XNOBTC 0.01000000 0.00010000 0.00000001
XRPBIDR 0.10000000 20000.00 1.00
WRXUSDT 0.10000000 10.00000000 0.00010000
ETCBUSD 0.01000000 10.00000000 0.01000000
TRBBTC 0.01000000 0.00010000 0.00000100
XRPBTC 1.00000000 0.00010000 0.00000001
SOLRUB 0.01000000 100.00000000 1.00000000
LTCBNB 0.00100000 0.05000000 0.00010000
LDOUSDT 0.01000000 10.00000000 0.00100000
SXPBUSD 0.10000000 10.00000000 0.00010000
GALTRY 0.00100000 10.00000000 0.10000000
ETCBNB 0.01000000 0.05000000 0.00010000
COMPUSDT 0.00100000 10.00000000 0.01000000
KDAUSDT 0.01000000 10.00000000 0.00100000
BUSDZAR 1.00000000 200.00000000 0.01000000
BARBUSD 0.01000000 10.00000000 0.01000000
GRTBTC 1.00000000 0.00010000 0.00000001
KSMUSDT 0.00100000 10.00000000 0.01000000
RUNEBUSD 0.10000000 10.00000000 0.00100000
IOSTETH 1.00000000 0.00500000 0.00000001
LDOBTC 0.01000000 0.00010000 0.00000001
NEXOUSDT 0.01000000 10.00000000 0.00100000
RENBUSD 1.00000000 10.00000000 0.00000100
RAREBUSD 0.10000000 10.00000000 0.00010000
OCEANUSDT 1.00000000 10.00000000 0.00010000
SNMBUSD 1.00000000 10.00000000 0.00010000
ALGOETH 0.10000000 0.00500000 0.00000010
PONDBUSD 0.01000000 10.00000000 0.00001000
LOOMBTC 1.00000000 0.00010000 0.00000001
ACMBUSD 0.10000000 10.00000000 0.00100000
XRPEUR 1.00000000 10.00000000 0.00010000
QTUMUSDT 0.10000000 10.00000000 0.00100000
XTZBTC 0.10000000 0.00010000 0.00000001
QNTBTC 0.00100000 0.00010000 0.00000100
ILVUSDT 0.00100000 10.00000000 0.01000000
ARPABNB 1.00000000 0.05000000 0.00000010
BNTUSDT 0.10000000 10.00000000 0.00100000
SANTOSUSDT 0.01000000 10.00000000 0.00100000
SUPERUSDT 1.00000000 10.00000000 0.00010000
LINKETH 0.01000000 0.00500000 0.00000100
PERPBUSD 0.01000000 10.00000000 0.00001000
AAVEBUSD 0.00100000 10.00000000 0.10000000
RNDRBTC 0.01000000 0.00010000 0.00000010
GMXBTC 0.00100000 0.00010000 0.00000100
LTCBUSD 0.00100000 10.00000000 0.01000000
BTCUSDT 0.00001000 10.00000000 0.01000000
ETHUSDT 0.00010000 10.00000000 0.01000000
SKLBTC 1.00000000 0.00010000 0.00000001
EURUSDT 0.10000000 10.00000000 0.00010000
